0 100 60.000000
1 100 58.000000
2 100 5.000000
3 100 4.000000
0 400 604.000000
1 400 451.000000
2 400 5.000000
3 400 5.000000
0 900 2267.000000
1 900 2198.000000
2 900 7.000000
3 900 7.000000
0 1600 7043.000000
1 1600 6955.000000
2 1600 10.000000
3 1600 11.000000
------------------------

1 100 58.000000
3 100 4.000000
1 400 451.000000
3 400 5.000000
1 900 2198.000000
3 900 7.000000
1 1600 6955.000000
3 1600 11.000000
0 100 58.000000
0 100 58.000000
0 100 58.000000
0 100 52.000000
3 100 2.000000
--------------------
0 100 60.000000
1 100 55.000000
2 100 16.000000
3 100 3.000000

0 400 478.000000
1 400 477.000000
2 400 16.000000
3 400 2.000000

0 900 1972.000000
1 900 1978.000000
2 900 16.000000
3 900 4.000000

0 1600 5666.000000
1 1600 5666.000000
2 1600 17.000000
3 1600 5.000000


0 2500 11825.000000
1 2500 11810.000000
2 2500 20.000000
3 2500 11.000000


