30
1.683706e+01
4.375015e+01
1.000000e+00
1.000000e+00
1.000000e+00
4.309199e+01
4.852448e+00
1.000000e+00
1.000000e+00
1.000000e+00
4.234213e+01
4.115340e+01
1.000000e+00
1.000000e+00
1.000000e+00
9.013278e+00
4.330602e+01
1.000000e+00
1.000000e+00
1.000000e+00
3.858351e+01
4.551455e+01
1.000000e+00
1.000000e+00
1.000000e+00
2.391355e+01
2.221461e-01
1.000000e+00
1.000000e+00
1.000000e+00
8.847659e+00
1.349790e+01
1.000000e+00
1.000000e+00
1.000000e+00
2.949334e+01
1.230864e+01
1.000000e+00
1.000000e+00
1.000000e+00
3.518788e+01
1.715306e+00
1.000000e+00
1.000000e+00
1.000000e+00
3.392565e+01
1.647375e+01
1.000000e+00
1.000000e+00
1.000000e+00
4.098534e+01
1.340201e+01
1.000000e+00
1.000000e+00
1.000000e+00
2.597867e+01
3.173699e+01
1.000000e+00
1.000000e+00
1.000000e+00
4.501234e+01
2.933080e+01
1.000000e+00
1.000000e+00
1.000000e+00
2.997689e+01
2.034504e+01
1.000000e+00
1.000000e+00
1.000000e+00
4.027249e-01
4.681395e+01
1.000000e+00
1.000000e+00
1.000000e+00
4.666401e+00
1.243732e+01
1.000000e+00
1.000000e+00
1.000000e+00
3.764812e+01
1.367968e+01
1.000000e+00
1.000000e+00
1.000000e+00
8.743341e+00
3.429597e+01
1.000000e+00
1.000000e+00
1.000000e+00
1.789346e+01
3.268465e-01
1.000000e+00
1.000000e+00
1.000000e+00
3.281052e+01
4.180701e+01
1.000000e+00
1.000000e+00
1.000000e+00
5.489926e-01
4.165818e+01
1.000000e+00
1.000000e+00
1.000000e+00
8.304916e+00
3.004233e+01
1.000000e+00
1.000000e+00
1.000000e+00
1.296655e+01
2.574297e+01
1.000000e+00
1.000000e+00
1.000000e+00
7.294488e+00
3.894521e+01
1.000000e+00
1.000000e+00
1.000000e+00
1.047996e+01
5.306827e+00
1.000000e+00
1.000000e+00
1.000000e+00
2.127601e+01
4.045686e+01
1.000000e+00
1.000000e+00
1.000000e+00
2.565187e+01
2.167874e+01
1.000000e+00
1.000000e+00
1.000000e+00
4.027081e+01
4.274706e+01
1.000000e+00
1.000000e+00
1.000000e+00
8.184380e+00
8.821579e+00
1.000000e+00
1.000000e+00
1.000000e+00
1.161689e+01
1.692772e+01
1.000000e+00
1.000000e+00
1.000000e+00
