10
1.683706e+01
4.375015e+01
1.000000e+00
1.000000e+00
1.000000e+00
4.309199e+01
4.852448e+00
1.000000e+00
1.000000e+00
1.000000e+00
4.234213e+01
4.115340e+01
1.000000e+00
1.000000e+00
1.000000e+00
9.013278e+00
4.330602e+01
1.000000e+00
1.000000e+00
1.000000e+00
3.858351e+01
4.551455e+01
1.000000e+00
1.000000e+00
1.000000e+00
2.391355e+01
2.221461e-01
1.000000e+00
1.000000e+00
1.000000e+00
8.847659e+00
1.349790e+01
1.000000e+00
1.000000e+00
1.000000e+00
2.949334e+01
1.230864e+01
1.000000e+00
1.000000e+00
1.000000e+00
3.518788e+01
1.715306e+00
1.000000e+00
1.000000e+00
1.000000e+00
3.392565e+01
1.647375e+01
1.000000e+00
1.000000e+00
1.000000e+00
