70
4.548980e+01
2.723621e+01
1.000000e+00
1.000000e+00
1.000000e+00
4.291769e+00
1.794282e+01
1.000000e+00
1.000000e+00
1.000000e+00
3.188252e+01
4.353913e+01
1.000000e+00
1.000000e+00
1.000000e+00
3.969066e+01
2.924406e+01
1.000000e+00
1.000000e+00
1.000000e+00
1.818951e+01
3.214014e+01
1.000000e+00
1.000000e+00
1.000000e+00
9.232104e+00
7.044458e+00
1.000000e+00
1.000000e+00
1.000000e+00
3.789713e+01
3.196800e+01
1.000000e+00
1.000000e+00
1.000000e+00
1.084184e+01
3.859305e+01
1.000000e+00
1.000000e+00
1.000000e+00
4.196231e+01
1.259993e+01
1.000000e+00
1.000000e+00
1.000000e+00
4.247302e+00
1.009548e+01
1.000000e+00
1.000000e+00
1.000000e+00
1.518592e-01
5.610802e+00
1.000000e+00
1.000000e+00
1.000000e+00
6.868362e+00
4.245950e+01
1.000000e+00
1.000000e+00
1.000000e+00
7.526330e+00
3.090352e+01
1.000000e+00
1.000000e+00
1.000000e+00
3.043014e+01
2.010200e+01
1.000000e+00
1.000000e+00
1.000000e+00
4.625748e+01
8.464526e+00
1.000000e+00
1.000000e+00
1.000000e+00
4.055714e+01
4.474728e+01
1.000000e+00
1.000000e+00
1.000000e+00
3.570074e+01
4.484891e+01
1.000000e+00
1.000000e+00
1.000000e+00
1.569010e+01
2.058326e+01
1.000000e+00
1.000000e+00
1.000000e+00
4.138803e+01
8.380754e+00
1.000000e+00
1.000000e+00
1.000000e+00
2.827317e+00
1.257754e+01
1.000000e+00
1.000000e+00
1.000000e+00
4.402742e+01
3.046384e+01
1.000000e+00
1.000000e+00
1.000000e+00
2.301108e+01
3.898973e+01
1.000000e+00
1.000000e+00
1.000000e+00
2.085206e+00
4.321563e+01
1.000000e+00
1.000000e+00
1.000000e+00
3.286918e+01
8.953568e+00
1.000000e+00
1.000000e+00
1.000000e+00
3.867513e+01
4.039551e+01
1.000000e+00
1.000000e+00
1.000000e+00
3.985709e+01
2.210527e+01
1.000000e+00
1.000000e+00
1.000000e+00
1.349751e+01
3.911457e+01
1.000000e+00
1.000000e+00
1.000000e+00
3.056979e+01
7.054646e+00
1.000000e+00
1.000000e+00
1.000000e+00
3.686184e+01
1.927053e+01
1.000000e+00
1.000000e+00
1.000000e+00
4.903554e+00
5.551941e+00
1.000000e+00
1.000000e+00
1.000000e+00
1.393270e+01
4.268110e+01
1.000000e+00
1.000000e+00
1.000000e+00
1.186913e+01
7.453591e+00
1.000000e+00
1.000000e+00
1.000000e+00
3.887161e+01
4.767940e+00
1.000000e+00
1.000000e+00
1.000000e+00
1.495497e+01
1.488269e+01
1.000000e+00
1.000000e+00
1.000000e+00
7.234370e+00
2.801025e+01
1.000000e+00
1.000000e+00
1.000000e+00
7.796443e+00
4.590950e+01
1.000000e+00
1.000000e+00
1.000000e+00
2.140576e+01
6.535314e-01
1.000000e+00
1.000000e+00
1.000000e+00
2.101476e+01
3.490326e+01
1.000000e+00
1.000000e+00
1.000000e+00
2.385509e+01
4.686146e+01
1.000000e+00
1.000000e+00
1.000000e+00
3.518188e+01
1.670887e+01
1.000000e+00
1.000000e+00
1.000000e+00
4.615305e+01
2.114577e+00
1.000000e+00
1.000000e+00
1.000000e+00
1.238998e+01
1.102218e+01
1.000000e+00
1.000000e+00
1.000000e+00
9.568168e+00
2.013050e+01
1.000000e+00
1.000000e+00
1.000000e+00
4.251331e+01
1.439782e+00
1.000000e+00
1.000000e+00
1.000000e+00
2.489844e+01
1.046828e+01
1.000000e+00
1.000000e+00
1.000000e+00
2.148702e+01
1.146354e+01
1.000000e+00
1.000000e+00
1.000000e+00
2.049898e+01
2.872139e+01
1.000000e+00
1.000000e+00
1.000000e+00
2.763089e+01
1.387954e+01
1.000000e+00
1.000000e+00
1.000000e+00
2.894896e+01
1.645651e+00
1.000000e+00
1.000000e+00
1.000000e+00
1.782802e+00
2.171706e+01
1.000000e+00
1.000000e+00
1.000000e+00
4.346996e+00
3.008529e+01
1.000000e+00
1.000000e+00
1.000000e+00
4.360217e+01
3.952888e+01
1.000000e+00
1.000000e+00
1.000000e+00
4.679416e+01
4.275522e+01
1.000000e+00
1.000000e+00
1.000000e+00
3.231464e+01
2.290710e+00
1.000000e+00
1.000000e+00
1.000000e+00
1.275899e+01
2.197388e+01
1.000000e+00
1.000000e+00
1.000000e+00
3.186919e+01
3.424601e+01
1.000000e+00
1.000000e+00
1.000000e+00
3.343742e+01
5.368171e+00
1.000000e+00
1.000000e+00
1.000000e+00
1.596740e+01
2.591120e+01
1.000000e+00
1.000000e+00
1.000000e+00
3.979074e+01
1.561256e+01
1.000000e+00
1.000000e+00
1.000000e+00
3.455943e+01
3.491642e+01
1.000000e+00
1.000000e+00
1.000000e+00
3.067164e+01
2.884894e+01
1.000000e+00
1.000000e+00
1.000000e+00
4.653773e+01
3.744904e+01
1.000000e+00
1.000000e+00
1.000000e+00
3.306056e+01
3.185237e+01
1.000000e+00
1.000000e+00
1.000000e+00
4.206545e+01
5.498743e+00
1.000000e+00
1.000000e+00
1.000000e+00
1.368585e+01
2.693464e+01
1.000000e+00
1.000000e+00
1.000000e+00
3.974475e+01
1.232611e-01
1.000000e+00
1.000000e+00
1.000000e+00
2.603446e+01
1.896641e+01
1.000000e+00
1.000000e+00
1.000000e+00
8.028509e+00
4.712992e+00
1.000000e+00
1.000000e+00
1.000000e+00
1.958518e+01
4.258794e+01
1.000000e+00
1.000000e+00
1.000000e+00
2.994154e+01
2.330106e+01
1.000000e+00
1.000000e+00
1.000000e+00
