250
1.683706e+01
4.375015e+01
1.000000e+00
1.000000e+00
1.000000e+00
4.309199e+01
4.852448e+00
1.000000e+00
1.000000e+00
1.000000e+00
4.234213e+01
4.115340e+01
1.000000e+00
1.000000e+00
1.000000e+00
9.013278e+00
4.330602e+01
1.000000e+00
1.000000e+00
1.000000e+00
3.858351e+01
4.551455e+01
1.000000e+00
1.000000e+00
1.000000e+00
2.391355e+01
2.221461e-01
1.000000e+00
1.000000e+00
1.000000e+00
8.847659e+00
1.349790e+01
1.000000e+00
1.000000e+00
1.000000e+00
2.949334e+01
1.230864e+01
1.000000e+00
1.000000e+00
1.000000e+00
3.518788e+01
1.715306e+00
1.000000e+00
1.000000e+00
1.000000e+00
3.392565e+01
1.647375e+01
1.000000e+00
1.000000e+00
1.000000e+00
4.098534e+01
1.340201e+01
1.000000e+00
1.000000e+00
1.000000e+00
2.597867e+01
3.173699e+01
1.000000e+00
1.000000e+00
1.000000e+00
4.501234e+01
2.933080e+01
1.000000e+00
1.000000e+00
1.000000e+00
2.997689e+01
2.034504e+01
1.000000e+00
1.000000e+00
1.000000e+00
4.027249e-01
4.681395e+01
1.000000e+00
1.000000e+00
1.000000e+00
4.666401e+00
1.243732e+01
1.000000e+00
1.000000e+00
1.000000e+00
3.764812e+01
1.367968e+01
1.000000e+00
1.000000e+00
1.000000e+00
8.743341e+00
3.429597e+01
1.000000e+00
1.000000e+00
1.000000e+00
1.789346e+01
3.268465e-01
1.000000e+00
1.000000e+00
1.000000e+00
3.281052e+01
4.180701e+01
1.000000e+00
1.000000e+00
1.000000e+00
5.489926e-01
4.165818e+01
1.000000e+00
1.000000e+00
1.000000e+00
8.304916e+00
3.004233e+01
1.000000e+00
1.000000e+00
1.000000e+00
1.296655e+01
2.574297e+01
1.000000e+00
1.000000e+00
1.000000e+00
7.294488e+00
3.894521e+01
1.000000e+00
1.000000e+00
1.000000e+00
1.047996e+01
5.306827e+00
1.000000e+00
1.000000e+00
1.000000e+00
2.127601e+01
4.045686e+01
1.000000e+00
1.000000e+00
1.000000e+00
2.565187e+01
2.167874e+01
1.000000e+00
1.000000e+00
1.000000e+00
4.027081e+01
4.274706e+01
1.000000e+00
1.000000e+00
1.000000e+00
8.184380e+00
8.821579e+00
1.000000e+00
1.000000e+00
1.000000e+00
1.161689e+01
1.692772e+01
1.000000e+00
1.000000e+00
1.000000e+00
1.725457e+01
2.892808e+01
1.000000e+00
1.000000e+00
1.000000e+00
2.431736e+01
1.780356e+01
1.000000e+00
1.000000e+00
1.000000e+00
2.358626e+01
3.262228e+01
1.000000e+00
1.000000e+00
1.000000e+00
8.458908e-01
3.055308e+01
1.000000e+00
1.000000e+00
1.000000e+00
2.911508e+01
3.260353e+01
1.000000e+00
1.000000e+00
1.000000e+00
2.444556e+01
4.208162e+01
1.000000e+00
1.000000e+00
1.000000e+00
1.134650e+01
3.174005e+01
1.000000e+00
1.000000e+00
1.000000e+00
3.402684e+01
2.182647e+01
1.000000e+00
1.000000e+00
1.000000e+00
3.704687e+01
8.302852e+00
1.000000e+00
1.000000e+00
1.000000e+00
1.528332e+01
1.569874e+01
1.000000e+00
1.000000e+00
1.000000e+00
2.998159e+01
8.554134e+00
1.000000e+00
1.000000e+00
1.000000e+00
1.144580e+01
1.155048e+00
1.000000e+00
1.000000e+00
1.000000e+00
6.491345e+00
1.963018e+01
1.000000e+00
1.000000e+00
1.000000e+00
6.185888e-01
6.812471e+00
1.000000e+00
1.000000e+00
1.000000e+00
3.502226e+01
2.493595e+01
1.000000e+00
1.000000e+00
1.000000e+00
2.461603e+01
1.160852e+01
1.000000e+00
1.000000e+00
1.000000e+00
1.106545e+01
1.960716e+01
1.000000e+00
1.000000e+00
1.000000e+00
4.347206e+00
2.178177e+01
1.000000e+00
1.000000e+00
1.000000e+00
2.107587e+01
2.153862e+01
1.000000e+00
1.000000e+00
1.000000e+00
4.116880e+01
2.419789e+01
1.000000e+00
1.000000e+00
1.000000e+00
3.029207e+01
4.629404e+01
1.000000e+00
1.000000e+00
1.000000e+00
3.753918e+01
1.831433e+01
1.000000e+00
1.000000e+00
1.000000e+00
2.423000e+01
1.515521e+01
1.000000e+00
1.000000e+00
1.000000e+00
2.746154e+01
4.682579e+00
1.000000e+00
1.000000e+00
1.000000e+00
4.469161e+01
1.521648e+01
1.000000e+00
1.000000e+00
1.000000e+00
2.709453e+01
2.038813e+00
1.000000e+00
1.000000e+00
1.000000e+00
4.343289e+01
2.008288e+01
1.000000e+00
1.000000e+00
1.000000e+00
3.314910e+01
1.093056e+01
1.000000e+00
1.000000e+00
1.000000e+00
3.849778e+01
2.223314e+01
1.000000e+00
1.000000e+00
1.000000e+00
2.456826e+01
3.717323e+01
1.000000e+00
1.000000e+00
1.000000e+00
3.646727e+01
4.349902e+01
1.000000e+00
1.000000e+00
1.000000e+00
1.165423e+01
9.097510e+00
1.000000e+00
1.000000e+00
1.000000e+00
3.418196e+01
2.894704e+01
1.000000e+00
1.000000e+00
1.000000e+00
4.416352e+01
3.704847e+01
1.000000e+00
1.000000e+00
1.000000e+00
3.391238e+01
3.416177e+01
1.000000e+00
1.000000e+00
1.000000e+00
1.438141e+01
3.034527e+01
1.000000e+00
1.000000e+00
1.000000e+00
7.244648e+00
4.236096e+00
1.000000e+00
1.000000e+00
1.000000e+00
3.687099e+01
4.039375e+01
1.000000e+00
1.000000e+00
1.000000e+00
4.076411e+01
6.664430e+00
1.000000e+00
1.000000e+00
1.000000e+00
4.016846e+01
1.833237e+01
1.000000e+00
1.000000e+00
1.000000e+00
4.383766e+01
4.612830e+01
1.000000e+00
1.000000e+00
1.000000e+00
1.446487e+01
1.487702e+00
1.000000e+00
1.000000e+00
1.000000e+00
1.539842e+01
4.633948e+01
1.000000e+00
1.000000e+00
1.000000e+00
3.881118e+00
6.687599e+00
1.000000e+00
1.000000e+00
1.000000e+00
3.614650e+01
4.650844e+01
1.000000e+00
1.000000e+00
1.000000e+00
1.205496e+01
3.614870e+01
1.000000e+00
1.000000e+00
1.000000e+00
6.789994e+00
2.651983e+01
1.000000e+00
1.000000e+00
1.000000e+00
3.434180e+01
3.889789e+01
1.000000e+00
1.000000e+00
1.000000e+00
3.254692e+01
6.832536e+00
1.000000e+00
1.000000e+00
1.000000e+00
1.599507e+01
2.385801e+01
1.000000e+00
1.000000e+00
1.000000e+00
3.177568e+00
1.584607e+01
1.000000e+00
1.000000e+00
1.000000e+00
3.140655e+01
2.291902e+01
1.000000e+00
1.000000e+00
1.000000e+00
1.670233e+01
2.625631e+01
1.000000e+00
1.000000e+00
1.000000e+00
3.951779e+01
3.170726e+00
1.000000e+00
1.000000e+00
1.000000e+00
3.020034e-01
2.062890e+00
1.000000e+00
1.000000e+00
1.000000e+00
7.951305e+00
1.730427e+00
1.000000e+00
1.000000e+00
1.000000e+00
1.696296e+01
3.477032e+01
1.000000e+00
1.000000e+00
1.000000e+00
1.847557e+01
2.261283e+01
1.000000e+00
1.000000e+00
1.000000e+00
4.650569e+01
2.506287e+01
1.000000e+00
1.000000e+00
1.000000e+00
2.064274e+01
3.373559e+01
1.000000e+00
1.000000e+00
1.000000e+00
2.724897e+01
1.919560e+01
1.000000e+00
1.000000e+00
1.000000e+00
6.650573e-01
3.520027e+01
1.000000e+00
1.000000e+00
1.000000e+00
2.092603e+01
3.044060e+01
1.000000e+00
1.000000e+00
1.000000e+00
1.425229e+00
3.788898e+01
1.000000e+00
1.000000e+00
1.000000e+00
3.640899e+01
3.723864e+01
1.000000e+00
1.000000e+00
1.000000e+00
1.716254e+00
2.536044e+01
1.000000e+00
1.000000e+00
1.000000e+00
1.547906e+01
2.019183e+01
1.000000e+00
1.000000e+00
1.000000e+00
9.732787e-01
1.944540e+01
1.000000e+00
1.000000e+00
1.000000e+00
2.646857e+01
4.458929e+01
1.000000e+00
1.000000e+00
1.000000e+00
1.230852e+01
4.432483e+01
1.000000e+00
1.000000e+00
1.000000e+00
4.044758e+01
3.781811e+01
1.000000e+00
1.000000e+00
1.000000e+00
2.389336e+01
2.985657e+01
1.000000e+00
1.000000e+00
1.000000e+00
2.805675e+01
2.560961e+01
1.000000e+00
1.000000e+00
1.000000e+00
4.580144e+01
9.190289e+00
1.000000e+00
1.000000e+00
1.000000e+00
2.501426e+01
4.669580e+01
1.000000e+00
1.000000e+00
1.000000e+00
2.780676e+00
1.413061e+00
1.000000e+00
1.000000e+00
1.000000e+00
2.032523e+01
1.508919e+01
1.000000e+00
1.000000e+00
1.000000e+00
4.667619e+01
2.227052e+01
1.000000e+00
1.000000e+00
1.000000e+00
2.179164e+00
1.334410e+01
1.000000e+00
1.000000e+00
1.000000e+00
2.836032e+01
1.650123e+01
1.000000e+00
1.000000e+00
1.000000e+00
6.715773e+00
1.547750e+01
1.000000e+00
1.000000e+00
1.000000e+00
4.696434e+01
3.553872e+01
1.000000e+00
1.000000e+00
1.000000e+00
1.080924e+01
2.719902e+01
1.000000e+00
1.000000e+00
1.000000e+00
2.928043e+01
3.538796e+01
1.000000e+00
1.000000e+00
1.000000e+00
2.212168e+01
9.945402e+00
1.000000e+00
1.000000e+00
1.000000e+00
4.526533e+01
1.243397e+01
1.000000e+00
1.000000e+00
1.000000e+00
3.730641e+01
3.245358e+01
1.000000e+00
1.000000e+00
1.000000e+00
3.851058e+01
3.001829e+01
1.000000e+00
1.000000e+00
1.000000e+00
1.701939e+01
1.788042e+01
1.000000e+00
1.000000e+00
1.000000e+00
1.213807e+01
2.295715e+01
1.000000e+00
1.000000e+00
1.000000e+00
1.420456e+01
1.330750e+01
1.000000e+00
1.000000e+00
1.000000e+00
4.193894e+01
3.425843e+01
1.000000e+00
1.000000e+00
1.000000e+00
5.138846e+00
3.279383e+01
1.000000e+00
1.000000e+00
1.000000e+00
2.726227e+01
3.966300e+01
1.000000e+00
1.000000e+00
1.000000e+00
1.066014e+01
3.831880e+01
1.000000e+00
1.000000e+00
1.000000e+00
3.013584e+01
2.201823e+00
1.000000e+00
1.000000e+00
1.000000e+00
4.646308e+00
3.924736e+01
1.000000e+00
1.000000e+00
1.000000e+00
2.174783e+01
4.436154e+01
1.000000e+00
1.000000e+00
1.000000e+00
1.794282e+01
3.188252e+01
1.000000e+00
1.000000e+00
1.000000e+00
3.090352e+01
3.043014e+01
1.000000e+00
1.000000e+00
1.000000e+00
2.010200e+01
4.625748e+01
1.000000e+00
1.000000e+00
1.000000e+00
1.257754e+01
4.052090e+01
1.000000e+00
1.000000e+00
1.000000e+00
3.141802e+01
4.402742e+01
1.000000e+00
1.000000e+00
1.000000e+00
1.927053e+01
4.903554e+00
1.000000e+00
1.000000e+00
1.000000e+00
3.149113e+01
3.887161e+01
1.000000e+00
1.000000e+00
1.000000e+00
4.584555e+00
4.195791e+01
1.000000e+00
1.000000e+00
1.000000e+00
2.171706e+01
6.230206e+00
1.000000e+00
1.000000e+00
1.000000e+00
2.490858e+01
8.028509e+00
1.000000e+00
1.000000e+00
1.000000e+00
2.817992e+01
2.231030e+01
1.000000e+00
1.000000e+00
1.000000e+00
7.258619e-01
4.417429e+01
1.000000e+00
1.000000e+00
1.000000e+00
3.901518e+01
3.576835e+01
1.000000e+00
1.000000e+00
1.000000e+00
4.461379e+00
4.691267e+01
1.000000e+00
1.000000e+00
1.000000e+00
3.994323e+01
2.663620e+01
1.000000e+00
1.000000e+00
1.000000e+00
2.890351e+01
2.854905e+01
1.000000e+00
1.000000e+00
1.000000e+00
4.135458e+01
2.914274e+01
1.000000e+00
1.000000e+00
1.000000e+00
1.886025e+01
3.952224e+01
1.000000e+00
1.000000e+00
1.000000e+00
3.033629e+01
5.112906e+00
1.000000e+00
1.000000e+00
1.000000e+00
1.103143e+01
1.162923e+01
1.000000e+00
1.000000e+00
1.000000e+00
2.004189e+01
2.212092e+00
1.000000e+00
1.000000e+00
1.000000e+00
2.592901e+01
2.795462e+01
1.000000e+00
1.000000e+00
1.000000e+00
2.373293e+01
2.658700e+01
1.000000e+00
1.000000e+00
1.000000e+00
1.403883e+01
5.385915e+00
1.000000e+00
1.000000e+00
1.000000e+00
3.168405e+01
2.691854e+01
1.000000e+00
1.000000e+00
1.000000e+00
1.489356e+01
4.149763e+01
1.000000e+00
1.000000e+00
1.000000e+00
4.448679e+01
1.557964e+00
1.000000e+00
1.000000e+00
1.000000e+00
3.466774e+01
5.178609e+00
1.000000e+00
1.000000e+00
1.000000e+00
1.489642e+01
3.729029e+01
1.000000e+00
1.000000e+00
1.000000e+00
7.736979e+00
4.641471e+01
1.000000e+00
1.000000e+00
1.000000e+00
7.146930e+00
1.111501e+01
1.000000e+00
1.000000e+00
1.000000e+00
2.958501e+00
1.010657e+01
1.000000e+00
1.000000e+00
1.000000e+00
4.555747e+01
3.288135e+01
1.000000e+00
1.000000e+00
1.000000e+00
1.504192e+00
2.246067e+01
1.000000e+00
1.000000e+00
1.000000e+00
3.702344e+01
2.653762e+01
1.000000e+00
1.000000e+00
1.000000e+00
2.364796e+01
3.779057e+00
1.000000e+00
1.000000e+00
1.000000e+00
4.003395e+01
3.212230e+01
1.000000e+00
1.000000e+00
1.000000e+00
1.899438e+01
1.972400e+01
1.000000e+00
1.000000e+00
1.000000e+00
3.453705e+01
1.318788e+01
1.000000e+00
1.000000e+00
1.000000e+00
4.258971e+01
9.681462e+00
1.000000e+00
1.000000e+00
1.000000e+00
4.680786e+01
5.323865e+00
1.000000e+00
1.000000e+00
1.000000e+00
4.677902e+01
4.247211e+01
1.000000e+00
1.000000e+00
1.000000e+00
1.977700e+01
8.253416e+00
1.000000e+00
1.000000e+00
1.000000e+00
8.030289e+00
2.254532e+01
1.000000e+00
1.000000e+00
1.000000e+00
4.698363e+01
4.620283e+01
1.000000e+00
1.000000e+00
1.000000e+00
1.590602e+01
8.055093e+00
1.000000e+00
1.000000e+00
1.000000e+00
2.141795e+01
2.410659e+01
1.000000e+00
1.000000e+00
1.000000e+00
2.004743e+01
2.795711e+01
1.000000e+00
1.000000e+00
1.000000e+00
3.926125e+01
2.320830e-01
1.000000e+00
1.000000e+00
1.000000e+00
1.577848e+01
1.106630e+01
1.000000e+00
1.000000e+00
1.000000e+00
4.217742e+00
3.657312e+01
1.000000e+00
1.000000e+00
1.000000e+00
1.982649e+01
1.222142e+01
1.000000e+00
1.000000e+00
1.000000e+00
2.780739e+01
1.007552e+01
1.000000e+00
1.000000e+00
1.000000e+00
3.783384e+01
1.103024e+01
1.000000e+00
1.000000e+00
1.000000e+00
3.187874e+01
1.816051e+01
1.000000e+00
1.000000e+00
1.000000e+00
4.565256e+00
3.961600e+00
1.000000e+00
1.000000e+00
1.000000e+00
4.308586e+01
2.586363e+01
1.000000e+00
1.000000e+00
1.000000e+00
4.582468e+01
1.877272e+01
1.000000e+00
1.000000e+00
1.000000e+00
2.568045e+01
3.466510e+01
1.000000e+00
1.000000e+00
1.000000e+00
1.513728e+01
3.302412e+01
1.000000e+00
1.000000e+00
1.000000e+00
2.767576e+01
4.215950e+01
1.000000e+00
1.000000e+00
1.000000e+00
9.032137e-01
2.793085e+01
1.000000e+00
1.000000e+00
1.000000e+00
2.148612e+01
1.781352e+01
1.000000e+00
1.000000e+00
1.000000e+00
1.120691e+01
4.693068e+01
1.000000e+00
1.000000e+00
1.000000e+00
4.273844e+01
1.692902e+01
1.000000e+00
1.000000e+00
1.000000e+00
2.132263e+01
3.615715e+01
1.000000e+00
1.000000e+00
1.000000e+00
3.071193e+01
1.539366e+01
1.000000e+00
1.000000e+00
1.000000e+00
4.148200e+01
2.168986e+01
1.000000e+00
1.000000e+00
1.000000e+00
8.679020e+00
1.753105e+01
1.000000e+00
1.000000e+00
1.000000e+00
3.364913e+01
4.619605e+01
1.000000e+00
1.000000e+00
1.000000e+00
4.208310e+01
2.370712e+00
1.000000e+00
1.000000e+00
1.000000e+00
1.597862e+01
3.736456e+00
1.000000e+00
1.000000e+00
1.000000e+00
7.390519e-01
1.129191e+01
1.000000e+00
1.000000e+00
1.000000e+00
4.035806e+01
1.093597e+01
1.000000e+00
1.000000e+00
1.000000e+00
3.297582e+00
2.928779e+01
1.000000e+00
1.000000e+00
1.000000e+00
4.677791e+01
3.950666e+01
1.000000e+00
1.000000e+00
1.000000e+00
5.145516e+00
5.908905e-02
1.000000e+00
1.000000e+00
1.000000e+00
5.657416e+00
8.698874e+00
1.000000e+00
1.000000e+00
1.000000e+00
4.450052e+01
4.353069e+01
1.000000e+00
1.000000e+00
1.000000e+00
3.448492e+01
3.160149e+01
1.000000e+00
1.000000e+00
1.000000e+00
2.678675e+01
1.402213e+01
1.000000e+00
1.000000e+00
1.000000e+00
9.867880e+00
2.455575e+01
1.000000e+00
1.000000e+00
1.000000e+00
3.943493e+01
1.560256e+01
1.000000e+00
1.000000e+00
1.000000e+00
4.691496e+01
1.646782e+01
1.000000e+00
1.000000e+00
1.000000e+00
2.708143e+01
3.700058e+01
1.000000e+00
1.000000e+00
1.000000e+00
1.982111e+00
4.620556e+00
1.000000e+00
1.000000e+00
1.000000e+00
4.680978e+01
2.563038e+00
1.000000e+00
1.000000e+00
1.000000e+00
1.970337e+01
4.290625e+01
1.000000e+00
1.000000e+00
1.000000e+00
3.274313e+01
3.590828e-01
1.000000e+00
1.000000e+00
1.000000e+00
3.799236e+01
5.394922e+00
1.000000e+00
1.000000e+00
1.000000e+00
4.320429e+00
2.428568e+01
1.000000e+00
1.000000e+00
1.000000e+00
7.485529e-01
1.665997e+01
1.000000e+00
1.000000e+00
1.000000e+00
6.104763e+00
4.432432e+01
1.000000e+00
1.000000e+00
1.000000e+00
3.013199e+01
4.136958e+01
1.000000e+00
1.000000e+00
1.000000e+00
4.415676e+01
2.325453e+01
1.000000e+00
1.000000e+00
1.000000e+00
3.615520e+01
2.040140e+01
1.000000e+00
1.000000e+00
1.000000e+00
4.282124e+01
3.177958e+01
1.000000e+00
1.000000e+00
1.000000e+00
2.518979e+01
2.433723e+01
1.000000e+00
1.000000e+00
1.000000e+00
2.678531e+00
3.226633e+01
1.000000e+00
1.000000e+00
1.000000e+00
3.177854e+01
3.625060e+01
1.000000e+00
1.000000e+00
1.000000e+00
9.811342e+00
4.079721e+01
1.000000e+00
1.000000e+00
1.000000e+00
1.867614e+01
3.671097e+01
1.000000e+00
1.000000e+00
1.000000e+00
4.161909e+01
4.496474e+01
1.000000e+00
1.000000e+00
1.000000e+00
3.306201e+01
3.113740e+00
1.000000e+00
1.000000e+00
1.000000e+00
3.854395e+00
1.841938e+01
1.000000e+00
1.000000e+00
1.000000e+00
1.375935e+01
1.822376e+01
1.000000e+00
1.000000e+00
1.000000e+00
3.285018e+00
4.447407e+01
1.000000e+00
1.000000e+00
1.000000e+00
1.762378e+01
1.409080e+01
1.000000e+00
1.000000e+00
1.000000e+00
3.957979e+01
4.029333e+01
1.000000e+00
1.000000e+00
1.000000e+00
4.467888e+01
6.863953e+00
1.000000e+00
1.000000e+00
1.000000e+00
1.127334e+01
1.435734e+01
1.000000e+00
1.000000e+00
1.000000e+00
3.650908e+01
1.600426e+01
1.000000e+00
1.000000e+00
1.000000e+00
5.815059e+00
2.963948e+01
1.000000e+00
1.000000e+00
1.000000e+00
2.215493e+01
1.323801e+01
1.000000e+00
1.000000e+00
1.000000e+00
3.196063e+01
1.316405e+01
1.000000e+00
1.000000e+00
1.000000e+00
4.692687e+01
6.501199e-02
1.000000e+00
1.000000e+00
1.000000e+00
2.315984e+01
2.013851e+01
1.000000e+00
1.000000e+00
1.000000e+00
2.372964e+01
3.957583e+01
1.000000e+00
1.000000e+00
1.000000e+00
2.784291e+01
4.688019e+01
1.000000e+00
1.000000e+00
1.000000e+00
1.913802e+01
2.542287e+01
1.000000e+00
1.000000e+00
1.000000e+00
7.204042e+00
3.640683e+01
1.000000e+00
1.000000e+00
1.000000e+00
1.811686e+01
1.013276e+01
1.000000e+00
1.000000e+00
1.000000e+00
