0 -0.261563
1 -0.261553
2 -0.261543
3 -0.261534
4 -0.261524
5 -0.261515
6 -0.261505
7 -0.261496
8 -0.261486
9 -0.261477
10 -0.261467
11 -0.261458
12 -0.261448
13 -0.261439
14 -0.261429
15 -0.261419
16 -0.261410
17 -0.261400
18 -0.261391
19 -0.261381
20 -0.261372
21 -0.261362
22 -0.261353
23 -0.261343
24 -0.261334
25 -0.261324
26 -0.261315
27 -0.261305
28 -0.261295
29 -0.261286
30 -0.261276
31 -0.261267
32 -0.261257
33 -0.261248
34 -0.261238
35 -0.261229
36 -0.261219
37 -0.261210
38 -0.261200
39 -0.261191
40 -0.261181
41 -0.261171
42 -0.261162
43 -0.261152
44 -0.261143
45 -0.261133
46 -0.261124
47 -0.261114
48 -0.261105
49 -0.261095
50 -0.261086
51 -0.261076
52 -0.261067
53 -0.261057
54 -0.261047
55 -0.261038
56 -0.261028
57 -0.261019
58 -0.261009
59 -0.261000
60 -0.260990
61 -0.260981
62 -0.260971
63 -0.260962
64 -0.260952
65 -0.260943
66 -0.260933
67 -0.260923
68 -0.260914
69 -0.260904
70 -0.260895
71 -0.260885
72 -0.260876
73 -0.260866
74 -0.260857
75 -0.260847
76 -0.260838
77 -0.260828
78 -0.260819
79 -0.260809
80 -0.260799
81 -0.260790
82 -0.260780
83 -0.260771
84 -0.260761
85 -0.260752
86 -0.260742
87 -0.260733
88 -0.260723
89 -0.260714
90 -0.260704
91 -0.260695
92 -0.260685
93 -0.260676
94 -0.260666
95 -0.260656
96 -0.260647
97 -0.260637
98 -0.260628
99 -0.260618
100 -0.260609
101 -0.260599
102 -0.260590
103 -0.260580
104 -0.260571
105 -0.260561
106 -0.260552
107 -0.260542
108 -0.260532
109 -0.260523
110 -0.260513
111 -0.260504
112 -0.260494
113 -0.260485
114 -0.260475
115 -0.260466
116 -0.260456
117 -0.260447
118 -0.260437
119 -0.260428
120 -0.260418
121 -0.260408
122 -0.260399
123 -0.260389
124 -0.260380
125 -0.260370
126 -0.260361
127 -0.260351
128 -0.260342
129 -0.260332
130 -0.260323
131 -0.260313
132 -0.260304
133 -0.260294
134 -0.260284
135 -0.260275
136 -0.260265
137 -0.260256
138 -0.260246
139 -0.260237
140 -0.260227
141 -0.260218
142 -0.260208
143 -0.260199
144 -0.260189
145 -0.260180
146 -0.260170
147 -0.260160
148 -0.260151
149 -0.260141
150 -0.260132
151 -0.260122
152 -0.260113
153 -0.260103
154 -0.260094
155 -0.260084
156 -0.260075
157 -0.260065
158 -0.260056
159 -0.260046
160 -0.260036
161 -0.260027
162 -0.260017
163 -0.260008
164 -0.259998
165 -0.259989
166 -0.259979
167 -0.259970
168 -0.259960
169 -0.259951
170 -0.259941
171 -0.259932
172 -0.259922
173 -0.259913
174 -0.259903
175 -0.259893
176 -0.259884
177 -0.259874
178 -0.259865
179 -0.259855
180 -0.259846
181 -0.259836
182 -0.259827
183 -0.259817
184 -0.259808
185 -0.259798
186 -0.259789
187 -0.259779
188 -0.259769
189 -0.259760
190 -0.259750
191 -0.259741
192 -0.259731
193 -0.259722
194 -0.259712
195 -0.259703
196 -0.259693
197 -0.259684
198 -0.259674
199 -0.259665
200 -0.259655
201 -0.259645
202 -0.259636
203 -0.259626
204 -0.259617
205 -0.259607
206 -0.259598
207 -0.259588
208 -0.259579
209 -0.259569
210 -0.259560
211 -0.259550
212 -0.259541
213 -0.259531
214 -0.259521
215 -0.259512
216 -0.259502
217 -0.259493
218 -0.259483
219 -0.259474
220 -0.259464
221 -0.259455
222 -0.259445
223 -0.259436
224 -0.259426
225 -0.259417
226 -0.259407
227 -0.259397
228 -0.259388
229 -0.259378
230 -0.259369
231 -0.259359
232 -0.259350
233 -0.259340
234 -0.259331
235 -0.259321
236 -0.259312
237 -0.259302
238 -0.259293
239 -0.259283
240 -0.259273
241 -0.259264
242 -0.259254
243 -0.259245
244 -0.259235
245 -0.259226
246 -0.259216
247 -0.259207
248 -0.259197
249 -0.259188
250 -0.259178
251 -0.259169
252 -0.259159
253 -0.259150
254 -0.259140
255 -0.259130
256 -0.259121
257 -0.259111
258 -0.259102
259 -0.259092
260 -0.259083
261 -0.259073
262 -0.259064
263 -0.259054
264 -0.259045
265 -0.259035
266 -0.259026
267 -0.259016
268 -0.259006
269 -0.258997
270 -0.258987
271 -0.258978
272 -0.258968
273 -0.258959
274 -0.258949
275 -0.258940
276 -0.258930
277 -0.258921
278 -0.258911
279 -0.258902
280 -0.258892
281 -0.258882
282 -0.258873
283 -0.258863
284 -0.258854
285 -0.258844
286 -0.258835
287 -0.258825
288 -0.258816
289 -0.258806
290 -0.258797
291 -0.258787
292 -0.258778
293 -0.258768
294 -0.258758
295 -0.258749
296 -0.258739
297 -0.258730
298 -0.258720
299 -0.258711
300 -0.258701
301 -0.258692
302 -0.258682
303 -0.258673
304 -0.258663
305 -0.258654
306 -0.258644
307 -0.258634
308 -0.258625
309 -0.258615
310 -0.258606
311 -0.258596
312 -0.258587
313 -0.258577
314 -0.258568
315 -0.258558
316 -0.258549
317 -0.258539
318 -0.258530
319 -0.258520
320 -0.258510
321 -0.258501
322 -0.258491
323 -0.258482
324 -0.258472
325 -0.258463
326 -0.258453
327 -0.258444
328 -0.258434
329 -0.258425
330 -0.258415
331 -0.258406
332 -0.258396
333 -0.258387
334 -0.258377
335 -0.258367
336 -0.258358
337 -0.258348
338 -0.258339
339 -0.258329
340 -0.258320
341 -0.258310
342 -0.258301
343 -0.258291
344 -0.258282
345 -0.258272
346 -0.258263
347 -0.258253
348 -0.258243
349 -0.258234
350 -0.258224
351 -0.258215
352 -0.258205
353 -0.258196
354 -0.258186
355 -0.258177
356 -0.258167
357 -0.258158
358 -0.258148
359 -0.258139
360 -0.258129
361 -0.258119
362 -0.258110
363 -0.258100
364 -0.258091
365 -0.258081
366 -0.258072
367 -0.258062
368 -0.258053
369 -0.258043
370 -0.258034
371 -0.258024
372 -0.258015
373 -0.258005
374 -0.257995
375 -0.257986
376 -0.257976
377 -0.257967
378 -0.257957
379 -0.257948
380 -0.257938
381 -0.257929
382 -0.257919
383 -0.257910
384 -0.257900
385 -0.257891
386 -0.257881
387 -0.257871
388 -0.257862
389 -0.257852
390 -0.257843
391 -0.257833
392 -0.257824
393 -0.257814
394 -0.257805
395 -0.257795
396 -0.257786
397 -0.257776
398 -0.257767
399 -0.257757
400 -0.257748
401 -0.257738
402 -0.257728
403 -0.257719
404 -0.257709
405 -0.257700
406 -0.257690
407 -0.257681
408 -0.257671
409 -0.257662
410 -0.257652
411 -0.257643
412 -0.257633
413 -0.257624
414 -0.257614
415 -0.257604
416 -0.257595
417 -0.257585
418 -0.257576
419 -0.257566
420 -0.257557
421 -0.257547
422 -0.257538
423 -0.257528
424 -0.257519
425 -0.257509
426 -0.257500
427 -0.257490
428 -0.257480
429 -0.257471
430 -0.257461
431 -0.257452
432 -0.257442
433 -0.257433
434 -0.257423
435 -0.257414
436 -0.257404
437 -0.257395
438 -0.257385
439 -0.257376
440 -0.257366
441 -0.257356
442 -0.257347
443 -0.257337
444 -0.257328
445 -0.257318
446 -0.257309
447 -0.257299
448 -0.257290
449 -0.257280
450 -0.257271
451 -0.257261
452 -0.257252
453 -0.257242
454 -0.257232
455 -0.257223
456 -0.257213
457 -0.257204
458 -0.257194
459 -0.257185
460 -0.257175
461 -0.257166
462 -0.257156
463 -0.257147
464 -0.257137
465 -0.257128
466 -0.257118
467 -0.257108
468 -0.257099
469 -0.257089
470 -0.257080
471 -0.257070
472 -0.257061
473 -0.257051
474 -0.257042
475 -0.257032
476 -0.257023
477 -0.257013
478 -0.257004
479 -0.256994
480 -0.256984
481 -0.256975
482 -0.256965
483 -0.256956
484 -0.256946
485 -0.256937
486 -0.256927
487 -0.256918
488 -0.256908
489 -0.256899
490 -0.256889
491 -0.256880
492 -0.256870
493 -0.256861
494 -0.256851
495 -0.256841
496 -0.256832
497 -0.256822
498 -0.256813
499 -0.256803
500 -0.256794
501 -0.256784
502 -0.256775
503 -0.256765
504 -0.256756
505 -0.256746
506 -0.256737
507 -0.256727
508 -0.256717
509 -0.256708
510 -0.256698
511 -0.256689
512 -0.256679
513 -0.256670
514 -0.256660
515 -0.256651
516 -0.256641
517 -0.256632
518 -0.256622
519 -0.256613
520 -0.256603
521 -0.256593
522 -0.256584
523 -0.256574
524 -0.256565
525 -0.256555
526 -0.256546
527 -0.256536
528 -0.256527
529 -0.256517
530 -0.256508
531 -0.256498
532 -0.256489
533 -0.256479
534 -0.256469
535 -0.256460
536 -0.256450
537 -0.256441
538 -0.256431
539 -0.256422
540 -0.256412
541 -0.256403
542 -0.256393
543 -0.256384
544 -0.256374
545 -0.256365
546 -0.256355
547 -0.256345
548 -0.256336
549 -0.256326
550 -0.256317
551 -0.256307
552 -0.256298
553 -0.256288
554 -0.256279
555 -0.256269
556 -0.256260
557 -0.256250
558 -0.256241
559 -0.256231
560 -0.256221
561 -0.256212
562 -0.256202
563 -0.256193
564 -0.256183
565 -0.256174
566 -0.256164
567 -0.256155
568 -0.256145
569 -0.256136
570 -0.256126
571 -0.256117
572 -0.256107
573 -0.256098
574 -0.256088
575 -0.256078
576 -0.256069
577 -0.256059
578 -0.256050
579 -0.256040
580 -0.256031
581 -0.256021
582 -0.256012
583 -0.256002
584 -0.255993
585 -0.255983
586 -0.255974
587 -0.255964
588 -0.255954
589 -0.255945
590 -0.255935
591 -0.255926
592 -0.255916
593 -0.255907
594 -0.255897
595 -0.255888
596 -0.255878
597 -0.255869
598 -0.255859
599 -0.255850
600 -0.255840
601 -0.255830
602 -0.255821
603 -0.255811
604 -0.255802
605 -0.255792
606 -0.255783
607 -0.255773
608 -0.255764
609 -0.255754
610 -0.255745
611 -0.255735
612 -0.255726
613 -0.255716
614 -0.255706
615 -0.255697
616 -0.255687
617 -0.255678
618 -0.255668
619 -0.255659
620 -0.255649
621 -0.255640
622 -0.255630
623 -0.255621
624 -0.255611
625 -0.255602
626 -0.255592
627 -0.255582
628 -0.255573
629 -0.255563
630 -0.255554
631 -0.255544
632 -0.255535
633 -0.255525
634 -0.255516
635 -0.255506
636 -0.255497
637 -0.255487
638 -0.255478
639 -0.255468
640 -0.255458
641 -0.255449
642 -0.255439
643 -0.255430
644 -0.255420
645 -0.255411
646 -0.255401
647 -0.255392
648 -0.255382
649 -0.255373
650 -0.255363
651 -0.255354
652 -0.255344
653 -0.255335
654 -0.255325
655 -0.255315
656 -0.255306
657 -0.255296
658 -0.255287
659 -0.255277
660 -0.255268
661 -0.255258
662 -0.255249
663 -0.255239
664 -0.255230
665 -0.255220
666 -0.255211
667 -0.255201
668 -0.255191
669 -0.255182
670 -0.255172
671 -0.255163
672 -0.255153
673 -0.255144
674 -0.255134
675 -0.255125
676 -0.255115
677 -0.255106
678 -0.255096
679 -0.255087
680 -0.255077
681 -0.255067
682 -0.255058
683 -0.255048
684 -0.255039
685 -0.255029
686 -0.255020
687 -0.255010
688 -0.255001
689 -0.254991
690 -0.254982
691 -0.254972
692 -0.254963
693 -0.254953
694 -0.254943
695 -0.254934
696 -0.254924
697 -0.254915
698 -0.254905
699 -0.254896
700 -0.254886
701 -0.254877
702 -0.254867
703 -0.254858
704 -0.254848
705 -0.254839
706 -0.254829
707 -0.254819
708 -0.254810
709 -0.254800
710 -0.254791
711 -0.254781
712 -0.254772
713 -0.254762
714 -0.254753
715 -0.254743
716 -0.254734
717 -0.254724
718 -0.254715
719 -0.254705
720 -0.254695
721 -0.254686
722 -0.254676
723 -0.254667
724 -0.254657
725 -0.254648
726 -0.254638
727 -0.254629
728 -0.254619
729 -0.254610
730 -0.254600
731 -0.254591
732 -0.254581
733 -0.254572
734 -0.254562
735 -0.254552
736 -0.254543
737 -0.254533
738 -0.254524
739 -0.254514
740 -0.254505
741 -0.254495
742 -0.254486
743 -0.254476
744 -0.254467
745 -0.254457
746 -0.254448
747 -0.254438
748 -0.254428
749 -0.254419
750 -0.254409
751 -0.254400
752 -0.254390
753 -0.254381
754 -0.254371
755 -0.254362
756 -0.254352
757 -0.254343
758 -0.254333
759 -0.254324
760 -0.254314
761 -0.254304
762 -0.254295
763 -0.254285
764 -0.254276
765 -0.254266
766 -0.254257
767 -0.254247
768 -0.254238
769 -0.254228
770 -0.254219
771 -0.254209
772 -0.254200
773 -0.254190
774 -0.254180
775 -0.254171
776 -0.254161
777 -0.254152
778 -0.254142
779 -0.254133
780 -0.254123
781 -0.254114
782 -0.254104
783 -0.254095
784 -0.254085
785 -0.254076
786 -0.254066
787 -0.254056
788 -0.254047
789 -0.254037
790 -0.254028
791 -0.254018
792 -0.254009
793 -0.253999
794 -0.253990
795 -0.253980
796 -0.253971
797 -0.253961
798 -0.253952
799 -0.253942
800 -0.253933
801 -0.253923
802 -0.253913
803 -0.253904
804 -0.253894
805 -0.253885
806 -0.253875
807 -0.253866
808 -0.253856
809 -0.253847
810 -0.253837
811 -0.253828
812 -0.253818
813 -0.253809
814 -0.253799
815 -0.253789
816 -0.253780
817 -0.253770
818 -0.253761
819 -0.253751
820 -0.253742
821 -0.253732
822 -0.253723
823 -0.253713
824 -0.253704
825 -0.253694
826 -0.253685
827 -0.253675
828 -0.253665
829 -0.253656
830 -0.253646
831 -0.253637
832 -0.253627
833 -0.253618
834 -0.253608
835 -0.253599
836 -0.253589
837 -0.253580
838 -0.253570
839 -0.253561
840 -0.253551
841 -0.253541
842 -0.253532
843 -0.253522
844 -0.253513
845 -0.253503
846 -0.253494
847 -0.253484
848 -0.253475
849 -0.253465
850 -0.253456
851 -0.253446
852 -0.253437
853 -0.253427
854 -0.253417
855 -0.253408
856 -0.253398
857 -0.253389
858 -0.253379
859 -0.253370
860 -0.253360
861 -0.253351
862 -0.253341
863 -0.253332
864 -0.253322
865 -0.253313
866 -0.253303
867 -0.253293
868 -0.253284
869 -0.253274
870 -0.253265
871 -0.253255
872 -0.253246
873 -0.253236
874 -0.253227
875 -0.253217
876 -0.253208
877 -0.253198
878 -0.253189
879 -0.253179
880 -0.253169
881 -0.253160
882 -0.253150
883 -0.253141
884 -0.253131
885 -0.253122
886 -0.253112
887 -0.253103
888 -0.253093
889 -0.253084
890 -0.253074
891 -0.253065
892 -0.253055
893 -0.253046
894 -0.253036
895 -0.253026
896 -0.253017
897 -0.253007
898 -0.252998
899 -0.252988
900 -0.252979
901 -0.252969
902 -0.252960
903 -0.252950
904 -0.252941
905 -0.252931
906 -0.252922
907 -0.252912
908 -0.252902
909 -0.252893
910 -0.252883
911 -0.252874
912 -0.252864
913 -0.252855
914 -0.252845
915 -0.252836
916 -0.252826
917 -0.252817
918 -0.252807
919 -0.252798
920 -0.252788
921 -0.252778
922 -0.252769
923 -0.252759
924 -0.252750
925 -0.252740
926 -0.252731
927 -0.252721
928 -0.252712
929 -0.252702
930 -0.252693
931 -0.252683
932 -0.252674
933 -0.252664
934 -0.252654
935 -0.252645
936 -0.252635
937 -0.252626
938 -0.252616
939 -0.252607
940 -0.252597
941 -0.252588
942 -0.252578
943 -0.252569
944 -0.252559
945 -0.252550
946 -0.252540
947 -0.252530
948 -0.252521
949 -0.252511
950 -0.252502
951 -0.252492
952 -0.252483
953 -0.252473
954 -0.252464
955 -0.252454
956 -0.252445
957 -0.252435
958 -0.252426
959 -0.252416
960 -0.252406
961 -0.252397
962 -0.252387
963 -0.252378
964 -0.252368
965 -0.252359
966 -0.252349
967 -0.252340
968 -0.252330
969 -0.252321
970 -0.252311
971 -0.252302
972 -0.252292
973 -0.252283
974 -0.252273
975 -0.252263
976 -0.252254
977 -0.252244
978 -0.252235
979 -0.252225
980 -0.252216
981 -0.252206
982 -0.252197
983 -0.252187
984 -0.252178
985 -0.252168
986 -0.252159
987 -0.252149
988 -0.252139
989 -0.252130
990 -0.252120
991 -0.252111
992 -0.252101
993 -0.252092
994 -0.252082
995 -0.252073
996 -0.252063
997 -0.252054
998 -0.252044
999 -0.252035
1000 -0.252025
1001 -0.252015
1002 -0.252006
1003 -0.251996
1004 -0.251987
1005 -0.251977
1006 -0.251968
1007 -0.251958
1008 -0.251949
1009 -0.251939
1010 -0.251930
1011 -0.251920
1012 -0.251911
1013 -0.251901
1014 -0.251891
1015 -0.251882
1016 -0.251872
1017 -0.251863
1018 -0.251853
1019 -0.251844
1020 -0.251834
1021 -0.251825
1022 -0.251815
1023 -0.251806
1024 -0.251796
1025 -0.251787
1026 -0.251777
1027 -0.251767
1028 -0.251758
1029 -0.251748
1030 -0.251739
1031 -0.251729
1032 -0.251720
1033 -0.251710
1034 -0.251701
1035 -0.251691
1036 -0.251682
1037 -0.251672
1038 -0.251663
1039 -0.251653
1040 -0.251644
1041 -0.251634
1042 -0.251624
1043 -0.251615
1044 -0.251605
1045 -0.251596
1046 -0.251586
1047 -0.251577
1048 -0.251567
1049 -0.251558
1050 -0.251548
1051 -0.251539
1052 -0.251529
1053 -0.251520
1054 -0.251510
1055 -0.251500
1056 -0.251491
1057 -0.251481
1058 -0.251472
1059 -0.251462
1060 -0.251453
1061 -0.251443
1062 -0.251434
1063 -0.251424
1064 -0.251415
1065 -0.251405
1066 -0.251396
1067 -0.251386
1068 -0.251376
1069 -0.251367
1070 -0.251357
1071 -0.251348
1072 -0.251338
1073 -0.251329
1074 -0.251319
1075 -0.251310
1076 -0.251300
1077 -0.251291
1078 -0.251281
1079 -0.251272
1080 -0.251262
1081 -0.251252
1082 -0.251243
1083 -0.251233
1084 -0.251224
1085 -0.251214
1086 -0.251205
1087 -0.251195
1088 -0.251186
1089 -0.251176
1090 -0.251167
1091 -0.251157
1092 -0.251148
1093 -0.251138
1094 -0.251128
1095 -0.251119
1096 -0.251109
1097 -0.251100
1098 -0.251090
1099 -0.251081
1100 -0.251071
1101 -0.251062
1102 -0.251052
1103 -0.251043
1104 -0.251033
1105 -0.251024
1106 -0.251014
1107 -0.251004
1108 -0.250995
1109 -0.250985
1110 -0.250976
1111 -0.250966
1112 -0.250957
1113 -0.250947
1114 -0.250938
1115 -0.250928
1116 -0.250919
1117 -0.250909
1118 -0.250900
1119 -0.250890
1120 -0.250881
1121 -0.250871
1122 -0.250861
1123 -0.250852
1124 -0.250842
1125 -0.250833
1126 -0.250823
1127 -0.250814
1128 -0.250804
1129 -0.250795
1130 -0.250785
1131 -0.250776
1132 -0.250766
1133 -0.250757
1134 -0.250747
1135 -0.250737
1136 -0.250728
1137 -0.250718
1138 -0.250709
1139 -0.250699
1140 -0.250690
1141 -0.250680
1142 -0.250671
1143 -0.250661
1144 -0.250652
1145 -0.250642
1146 -0.250633
1147 -0.250623
1148 -0.250613
1149 -0.250604
1150 -0.250594
1151 -0.250585
1152 -0.250575
1153 -0.250566
1154 -0.250556
1155 -0.250547
1156 -0.250537
1157 -0.250528
1158 -0.250518
1159 -0.250509
1160 -0.250499
1161 -0.250489
1162 -0.250480
1163 -0.250470
1164 -0.250461
1165 -0.250451
1166 -0.250442
1167 -0.250432
1168 -0.250423
1169 -0.250413
1170 -0.250404
1171 -0.250394
1172 -0.250385
1173 -0.250375
1174 -0.250365
1175 -0.250356
1176 -0.250346
1177 -0.250337
1178 -0.250327
1179 -0.250318
1180 -0.250308
1181 -0.250299
1182 -0.250289
1183 -0.250280
1184 -0.250270
1185 -0.250261
1186 -0.250251
1187 -0.250241
1188 -0.250232
1189 -0.250222
1190 -0.250213
1191 -0.250203
1192 -0.250194
1193 -0.250184
1194 -0.250175
1195 -0.250165
1196 -0.250156
1197 -0.250146
1198 -0.250137
1199 -0.250127
1200 -0.250118
1201 -0.250108
1202 -0.250098
1203 -0.250089
1204 -0.250079
1205 -0.250070
1206 -0.250060
1207 -0.250051
1208 -0.250041
1209 -0.250032
1210 -0.250022
1211 -0.250013
1212 -0.250003
1213 -0.249994
1214 -0.249984
1215 -0.249974
1216 -0.249965
1217 -0.249955
1218 -0.249946
1219 -0.249936
1220 -0.249927
1221 -0.249917
1222 -0.249908
1223 -0.249898
1224 -0.249889
1225 -0.249879
1226 -0.249870
1227 -0.249860
1228 -0.249850
1229 -0.249841
1230 -0.249831
1231 -0.249822
1232 -0.249812
1233 -0.249803
1234 -0.249793
1235 -0.249784
1236 -0.249774
1237 -0.249765
1238 -0.249755
1239 -0.249746
1240 -0.249736
1241 -0.249726
1242 -0.249717
1243 -0.249707
1244 -0.249698
1245 -0.249688
1246 -0.249679
1247 -0.249669
1248 -0.249660
1249 -0.249650
1250 -0.249641
1251 -0.249631
1252 -0.249622
1253 -0.249612
1254 -0.249602
1255 -0.249593
1256 -0.249583
1257 -0.249574
1258 -0.249564
1259 -0.249555
1260 -0.249545
1261 -0.249536
1262 -0.249526
1263 -0.249517
1264 -0.249507
1265 -0.249498
1266 -0.249488
1267 -0.249478
1268 -0.249469
1269 -0.249459
1270 -0.249450
1271 -0.249440
1272 -0.249431
1273 -0.249421
1274 -0.249412
1275 -0.249402
1276 -0.249393
1277 -0.249383
1278 -0.249374
1279 -0.249364
1280 -0.249355
1281 -0.249345
1282 -0.249335
1283 -0.249326
1284 -0.249316
1285 -0.249307
1286 -0.249297
1287 -0.249288
1288 -0.249278
1289 -0.249269
1290 -0.249259
1291 -0.249250
1292 -0.249240
1293 -0.249231
1294 -0.249221
1295 -0.249211
1296 -0.249202
1297 -0.249192
1298 -0.249183
1299 -0.249173
1300 -0.249164
1301 -0.249154
1302 -0.249145
1303 -0.249135
1304 -0.249126
1305 -0.249116
1306 -0.249107
1307 -0.249097
1308 -0.249087
1309 -0.249078
1310 -0.249068
1311 -0.249059
1312 -0.249049
1313 -0.249040
1314 -0.249030
1315 -0.249021
1316 -0.249011
1317 -0.249002
1318 -0.248992
1319 -0.248983
1320 -0.248973
1321 -0.248963
1322 -0.248954
1323 -0.248944
1324 -0.248935
1325 -0.248925
1326 -0.248916
1327 -0.248906
1328 -0.248897
1329 -0.248887
1330 -0.248878
1331 -0.248868
1332 -0.248859
1333 -0.248849
1334 -0.248839
1335 -0.248830
1336 -0.248820
1337 -0.248811
1338 -0.248801
1339 -0.248792
1340 -0.248782
1341 -0.248773
1342 -0.248763
1343 -0.248754
1344 -0.248744
1345 -0.248735
1346 -0.248725
1347 -0.248715
1348 -0.248706
1349 -0.248696
1350 -0.248687
1351 -0.248677
1352 -0.248668
1353 -0.248658
1354 -0.248649
1355 -0.248639
1356 -0.248630
1357 -0.248620
1358 -0.248611
1359 -0.248601
1360 -0.248591
1361 -0.248582
1362 -0.248572
1363 -0.248563
1364 -0.248553
1365 -0.248544
1366 -0.248534
1367 -0.248525
1368 -0.248515
1369 -0.248506
1370 -0.248496
1371 -0.248487
1372 -0.248477
1373 -0.248468
1374 -0.248458
1375 -0.248448
1376 -0.248439
1377 -0.248429
1378 -0.248420
1379 -0.248410
1380 -0.248401
1381 -0.248391
1382 -0.248382
1383 -0.248372
1384 -0.248363
1385 -0.248353
1386 -0.248344
1387 -0.248334
1388 -0.248324
1389 -0.248315
1390 -0.248305
1391 -0.248296
1392 -0.248286
1393 -0.248277
1394 -0.248267
1395 -0.248258
1396 -0.248248
1397 -0.248239
1398 -0.248229
1399 -0.248220
1400 -0.248210
1401 -0.248200
1402 -0.248191
1403 -0.248181
1404 -0.248172
1405 -0.248162
1406 -0.248153
1407 -0.248143
1408 -0.248134
1409 -0.248124
1410 -0.248115
1411 -0.248105
1412 -0.248096
1413 -0.248086
1414 -0.248076
1415 -0.248067
1416 -0.248057
1417 -0.248048
1418 -0.248038
1419 -0.248029
1420 -0.248019
1421 -0.248010
1422 -0.248000
1423 -0.247991
1424 -0.247981
1425 -0.247972
1426 -0.247962
1427 -0.247952
1428 -0.247943
1429 -0.247933
1430 -0.247924
1431 -0.247914
1432 -0.247905
1433 -0.247895
1434 -0.247886
1435 -0.247876
1436 -0.247867
1437 -0.247857
1438 -0.247848
1439 -0.247838
1440 -0.247828
1441 -0.247819
1442 -0.247809
1443 -0.247800
1444 -0.247790
1445 -0.247781
1446 -0.247771
1447 -0.247762
1448 -0.247752
1449 -0.247743
1450 -0.247733
1451 -0.247724
1452 -0.247714
1453 -0.247705
1454 -0.247695
1455 -0.247685
1456 -0.247676
1457 -0.247666
1458 -0.247657
1459 -0.247647
1460 -0.247638
1461 -0.247628
1462 -0.247619
1463 -0.247609
1464 -0.247600
1465 -0.247590
1466 -0.247581
1467 -0.247571
1468 -0.247561
1469 -0.247552
1470 -0.247542
1471 -0.247533
1472 -0.247523
1473 -0.247514
1474 -0.247504
1475 -0.247495
1476 -0.247485
1477 -0.247476
1478 -0.247466
1479 -0.247457
1480 -0.247447
1481 -0.247437
1482 -0.247428
1483 -0.247418
1484 -0.247409
1485 -0.247399
1486 -0.247390
1487 -0.247380
1488 -0.247371
1489 -0.247361
1490 -0.247352
1491 -0.247342
1492 -0.247333
1493 -0.247323
1494 -0.247313
1495 -0.247304
1496 -0.247294
1497 -0.247285
1498 -0.247275
1499 -0.247266
1500 -0.247256
1501 -0.247247
1502 -0.247237
1503 -0.247228
1504 -0.247218
1505 -0.247209
1506 -0.247199
1507 -0.247189
1508 -0.247180
1509 -0.247170
1510 -0.247161
1511 -0.247151
1512 -0.247142
1513 -0.247132
1514 -0.247123
1515 -0.247113
1516 -0.247104
1517 -0.247094
1518 -0.247085
1519 -0.247075
1520 -0.247066
1521 -0.247056
1522 -0.247046
1523 -0.247037
1524 -0.247027
1525 -0.247018
1526 -0.247008
1527 -0.246999
1528 -0.246989
1529 -0.246980
1530 -0.246970
1531 -0.246961
1532 -0.246951
1533 -0.246942
1534 -0.246932
1535 -0.246922
1536 -0.246913
1537 -0.246903
1538 -0.246894
1539 -0.246884
1540 -0.246875
1541 -0.246865
1542 -0.246856
1543 -0.246846
1544 -0.246837
1545 -0.246827
1546 -0.246818
1547 -0.246808
1548 -0.246798
1549 -0.246789
1550 -0.246779
1551 -0.246770
1552 -0.246760
1553 -0.246751
1554 -0.246741
1555 -0.246732
1556 -0.246722
1557 -0.246713
1558 -0.246703
1559 -0.246694
1560 -0.246684
1561 -0.246674
1562 -0.246665
1563 -0.246655
1564 -0.246646
1565 -0.246636
1566 -0.246627
1567 -0.246617
1568 -0.246608
1569 -0.246598
1570 -0.246589
1571 -0.246579
1572 -0.246570
1573 -0.246560
1574 -0.246550
1575 -0.246541
1576 -0.246531
1577 -0.246522
1578 -0.246512
1579 -0.246503
1580 -0.246493
1581 -0.246484
1582 -0.246474
1583 -0.246465
1584 -0.246455
1585 -0.246446
1586 -0.246436
1587 -0.246426
1588 -0.246417
1589 -0.246407
1590 -0.246398
1591 -0.246388
1592 -0.246379
1593 -0.246369
1594 -0.246360
1595 -0.246350
1596 -0.246341
1597 -0.246331
1598 -0.246322
1599 -0.246312
1600 -0.246303
1601 -0.246293
1602 -0.246283
1603 -0.246274
1604 -0.246264
1605 -0.246255
1606 -0.246245
1607 -0.246236
1608 -0.246226
1609 -0.246217
1610 -0.246207
1611 -0.246198
1612 -0.246188
1613 -0.246179
1614 -0.246169
1615 -0.246159
1616 -0.246150
1617 -0.246140
1618 -0.246131
1619 -0.246121
1620 -0.246112
1621 -0.246102
1622 -0.246093
1623 -0.246083
1624 -0.246074
1625 -0.246064
1626 -0.246055
1627 -0.246045
1628 -0.246035
1629 -0.246026
1630 -0.246016
1631 -0.246007
1632 -0.245997
1633 -0.245988
1634 -0.245978
1635 -0.245969
1636 -0.245959
1637 -0.245950
1638 -0.245940
1639 -0.245931
1640 -0.245921
1641 -0.245911
1642 -0.245902
1643 -0.245892
1644 -0.245883
1645 -0.245873
1646 -0.245864
1647 -0.245854
1648 -0.245845
1649 -0.245835
1650 -0.245826
1651 -0.245816
1652 -0.245807
1653 -0.245797
1654 -0.245787
1655 -0.245778
1656 -0.245768
1657 -0.245759
1658 -0.245749
1659 -0.245740
1660 -0.245730
1661 -0.245721
1662 -0.245711
1663 -0.245702
1664 -0.245692
1665 -0.245683
1666 -0.245673
1667 -0.245663
1668 -0.245654
1669 -0.245644
1670 -0.245635
1671 -0.245625
1672 -0.245616
1673 -0.245606
1674 -0.245597
1675 -0.245587
1676 -0.245578
1677 -0.245568
1678 -0.245559
1679 -0.245549
1680 -0.245539
1681 -0.245530
1682 -0.245520
1683 -0.245511
1684 -0.245501
1685 -0.245492
1686 -0.245482
1687 -0.245473
1688 -0.245463
1689 -0.245454
1690 -0.245444
1691 -0.245435
1692 -0.245425
1693 -0.245416
1694 -0.245406
1695 -0.245396
1696 -0.245387
1697 -0.245377
1698 -0.245368
1699 -0.245358
1700 -0.245349
1701 -0.245339
1702 -0.245330
1703 -0.245320
1704 -0.245311
1705 -0.245301
1706 -0.245292
1707 -0.245282
1708 -0.245272
1709 -0.245263
1710 -0.245253
1711 -0.245244
1712 -0.245234
1713 -0.245225
1714 -0.245215
1715 -0.245206
1716 -0.245196
1717 -0.245187
1718 -0.245177
1719 -0.245168
1720 -0.245158
1721 -0.245148
1722 -0.245139
1723 -0.245129
1724 -0.245120
1725 -0.245110
1726 -0.245101
1727 -0.245091
1728 -0.245082
1729 -0.245072
1730 -0.245063
1731 -0.245053
1732 -0.245044
1733 -0.245034
1734 -0.245024
1735 -0.245015
1736 -0.245005
1737 -0.244996
1738 -0.244986
1739 -0.244977
1740 -0.244967
1741 -0.244958
1742 -0.244948
1743 -0.244939
1744 -0.244929
1745 -0.244920
1746 -0.244910
1747 -0.244900
1748 -0.244891
1749 -0.244881
1750 -0.244872
1751 -0.244862
1752 -0.244853
1753 -0.244843
1754 -0.244834
1755 -0.244824
1756 -0.244815
1757 -0.244805
1758 -0.244796
1759 -0.244786
1760 -0.244776
1761 -0.244767
1762 -0.244757
1763 -0.244748
1764 -0.244738
1765 -0.244729
1766 -0.244719
1767 -0.244710
1768 -0.244700
1769 -0.244691
1770 -0.244681
1771 -0.244672
1772 -0.244662
1773 -0.244653
1774 -0.244643
1775 -0.244633
1776 -0.244624
1777 -0.244614
1778 -0.244605
1779 -0.244595
1780 -0.244586
1781 -0.244576
1782 -0.244567
1783 -0.244557
1784 -0.244548
1785 -0.244538
1786 -0.244529
1787 -0.244519
1788 -0.244509
1789 -0.244500
1790 -0.244490
1791 -0.244481
1792 -0.244471
1793 -0.244462
1794 -0.244452
1795 -0.244443
1796 -0.244433
1797 -0.244424
1798 -0.244414
1799 -0.244405
1800 -0.244395
1801 -0.244385
1802 -0.244376
1803 -0.244366
1804 -0.244357
1805 -0.244347
1806 -0.244338
1807 -0.244328
1808 -0.244319
1809 -0.244309
1810 -0.244300
1811 -0.244290
1812 -0.244281
1813 -0.244271
1814 -0.244261
1815 -0.244252
1816 -0.244242
1817 -0.244233
1818 -0.244223
1819 -0.244214
1820 -0.244204
1821 -0.244195
1822 -0.244185
1823 -0.244176
1824 -0.244166
1825 -0.244157
1826 -0.244147
1827 -0.244137
1828 -0.244128
1829 -0.244118
1830 -0.244109
1831 -0.244099
1832 -0.244090
1833 -0.244080
1834 -0.244071
1835 -0.244061
1836 -0.244052
1837 -0.244042
1838 -0.244033
1839 -0.244023
1840 -0.244014
1841 -0.244004
1842 -0.243994
1843 -0.243985
1844 -0.243975
1845 -0.243966
1846 -0.243956
1847 -0.243947
1848 -0.243937
1849 -0.243928
1850 -0.243918
1851 -0.243909
1852 -0.243899
1853 -0.243890
1854 -0.243880
1855 -0.243870
1856 -0.243861
1857 -0.243851
1858 -0.243842
1859 -0.243832
1860 -0.243823
1861 -0.243813
1862 -0.243804
1863 -0.243794
1864 -0.243785
1865 -0.243775
1866 -0.243766
1867 -0.243756
1868 -0.243746
1869 -0.243737
1870 -0.243727
1871 -0.243718
1872 -0.243708
1873 -0.243699
1874 -0.243689
1875 -0.243680
1876 -0.243670
1877 -0.243661
1878 -0.243651
1879 -0.243642
1880 -0.243632
1881 -0.243622
1882 -0.243613
1883 -0.243603
1884 -0.243594
1885 -0.243584
1886 -0.243575
1887 -0.243565
1888 -0.243556
1889 -0.243546
1890 -0.243537
1891 -0.243527
1892 -0.243518
1893 -0.243508
1894 -0.243498
1895 -0.243489
1896 -0.243479
1897 -0.243470
1898 -0.243460
1899 -0.243451
1900 -0.243441
1901 -0.243432
1902 -0.243422
1903 -0.243413
1904 -0.243403
1905 -0.243394
1906 -0.243384
1907 -0.243374
1908 -0.243365
1909 -0.243355
1910 -0.243346
1911 -0.243336
1912 -0.243327
1913 -0.243317
1914 -0.243308
1915 -0.243298
1916 -0.243289
1917 -0.243279
1918 -0.243270
1919 -0.243260
1920 -0.243251
1921 -0.243241
1922 -0.243231
1923 -0.243222
1924 -0.243212
1925 -0.243203
1926 -0.243193
1927 -0.243184
1928 -0.243174
1929 -0.243165
1930 -0.243155
1931 -0.243146
1932 -0.243136
1933 -0.243127
1934 -0.243117
1935 -0.243107
1936 -0.243098
1937 -0.243088
1938 -0.243079
1939 -0.243069
1940 -0.243060
1941 -0.243050
1942 -0.243041
1943 -0.243031
1944 -0.243022
1945 -0.243012
1946 -0.243003
1947 -0.242993
1948 -0.242983
1949 -0.242974
1950 -0.242964
1951 -0.242955
1952 -0.242945
1953 -0.242936
1954 -0.242926
1955 -0.242917
1956 -0.242907
1957 -0.242898
1958 -0.242888
1959 -0.242879
1960 -0.242869
1961 -0.242859
1962 -0.242850
1963 -0.242840
1964 -0.242831
1965 -0.242821
1966 -0.242812
1967 -0.242802
1968 -0.242793
1969 -0.242783
1970 -0.242774
1971 -0.242764
1972 -0.242755
1973 -0.242745
1974 -0.242735
1975 -0.242726
1976 -0.242716
1977 -0.242707
1978 -0.242697
1979 -0.242688
1980 -0.242678
1981 -0.242669
1982 -0.242659
1983 -0.242650
1984 -0.242640
1985 -0.242631
1986 -0.242621
1987 -0.242611
1988 -0.242602
1989 -0.242592
1990 -0.242583
1991 -0.242573
1992 -0.242564
1993 -0.242554
1994 -0.242545
1995 -0.242535
1996 -0.242526
1997 -0.242516
1998 -0.242507
1999 -0.242497
2000 -0.242488
2001 -0.242478
2002 -0.242468
2003 -0.242459
2004 -0.242449
2005 -0.242440
2006 -0.242430
2007 -0.242421
2008 -0.242411
2009 -0.242402
2010 -0.242392
2011 -0.242383
2012 -0.242373
2013 -0.242364
2014 -0.242354
2015 -0.242344
2016 -0.242335
2017 -0.242325
2018 -0.242316
2019 -0.242306
2020 -0.242297
2021 -0.242287
2022 -0.242278
2023 -0.242268
2024 -0.242259
2025 -0.242249
2026 -0.242240
2027 -0.242230
2028 -0.242220
2029 -0.242211
2030 -0.242201
2031 -0.242192
2032 -0.242182
2033 -0.242173
2034 -0.242163
2035 -0.242154
2036 -0.242144
2037 -0.242135
2038 -0.242125
2039 -0.242116
2040 -0.242106
2041 -0.242096
2042 -0.242087
2043 -0.242077
2044 -0.242068
2045 -0.242058
2046 -0.242049
2047 -0.242039
2048 -0.242030
2049 -0.242020
2050 -0.242011
2051 -0.242001
2052 -0.241992
2053 -0.241982
2054 -0.241972
2055 -0.241963
2056 -0.241953
2057 -0.241944
2058 -0.241934
2059 -0.241925
2060 -0.241915
2061 -0.241906
2062 -0.241896
2063 -0.241887
2064 -0.241877
2065 -0.241868
2066 -0.241858
2067 -0.241848
2068 -0.241839
2069 -0.241829
2070 -0.241820
2071 -0.241810
2072 -0.241801
2073 -0.241791
2074 -0.241782
2075 -0.241772
2076 -0.241763
2077 -0.241753
2078 -0.241744
2079 -0.241734
2080 -0.241725
2081 -0.241715
2082 -0.241705
2083 -0.241696
2084 -0.241686
2085 -0.241677
2086 -0.241667
2087 -0.241658
2088 -0.241648
2089 -0.241639
2090 -0.241629
2091 -0.241620
2092 -0.241610
2093 -0.241601
2094 -0.241591
2095 -0.241581
2096 -0.241572
2097 -0.241562
2098 -0.241553
2099 -0.241543
2100 -0.241534
2101 -0.241524
2102 -0.241515
2103 -0.241505
2104 -0.241496
2105 -0.241486
2106 -0.241477
2107 -0.241467
2108 -0.241457
2109 -0.241448
2110 -0.241438
2111 -0.241429
2112 -0.241419
2113 -0.241410
2114 -0.241400
2115 -0.241391
2116 -0.241381
2117 -0.241372
2118 -0.241362
2119 -0.241353
2120 -0.241343
2121 -0.241333
2122 -0.241324
2123 -0.241314
2124 -0.241305
2125 -0.241295
2126 -0.241286
2127 -0.241276
2128 -0.241267
2129 -0.241257
2130 -0.241248
2131 -0.241238
2132 -0.241229
2133 -0.241219
2134 -0.241209
2135 -0.241200
2136 -0.241190
2137 -0.241181
2138 -0.241171
2139 -0.241162
2140 -0.241152
2141 -0.241143
2142 -0.241133
2143 -0.241124
2144 -0.241114
2145 -0.241105
2146 -0.241095
2147 -0.241085
2148 -0.241076
2149 -0.241066
2150 -0.241057
2151 -0.241047
2152 -0.241038
2153 -0.241028
2154 -0.241019
2155 -0.241009
2156 -0.241000
2157 -0.240990
2158 -0.240981
2159 -0.240971
2160 -0.240962
2161 -0.240952
2162 -0.240942
2163 -0.240933
2164 -0.240923
2165 -0.240914
2166 -0.240904
2167 -0.240895
2168 -0.240885
2169 -0.240876
2170 -0.240866
2171 -0.240857
2172 -0.240847
2173 -0.240838
2174 -0.240828
2175 -0.240818
2176 -0.240809
2177 -0.240799
2178 -0.240790
2179 -0.240780
2180 -0.240771
2181 -0.240761
2182 -0.240752
2183 -0.240742
2184 -0.240733
2185 -0.240723
2186 -0.240714
2187 -0.240704
2188 -0.240694
2189 -0.240685
2190 -0.240675
2191 -0.240666
2192 -0.240656
2193 -0.240647
2194 -0.240637
2195 -0.240628
2196 -0.240618
2197 -0.240609
2198 -0.240599
2199 -0.240590
2200 -0.240580
2201 -0.240570
2202 -0.240561
2203 -0.240551
2204 -0.240542
2205 -0.240532
2206 -0.240523
2207 -0.240513
2208 -0.240504
2209 -0.240494
2210 -0.240485
2211 -0.240475
2212 -0.240466
2213 -0.240456
2214 -0.240446
2215 -0.240437
2216 -0.240427
2217 -0.240418
2218 -0.240408
2219 -0.240399
2220 -0.240389
2221 -0.240380
2222 -0.240370
2223 -0.240361
2224 -0.240351
2225 -0.240342
2226 -0.240332
2227 -0.240322
2228 -0.240313
2229 -0.240303
2230 -0.240294
2231 -0.240284
2232 -0.240275
2233 -0.240265
2234 -0.240256
2235 -0.240246
2236 -0.240237
2237 -0.240227
2238 -0.240218
2239 -0.240208
2240 -0.240198
2241 -0.240189
2242 -0.240179
2243 -0.240170
2244 -0.240160
2245 -0.240151
2246 -0.240141
2247 -0.240132
2248 -0.240122
2249 -0.240113
2250 -0.240103
2251 -0.240094
2252 -0.240084
2253 -0.240075
2254 -0.240065
2255 -0.240055
2256 -0.240046
2257 -0.240036
2258 -0.240027
2259 -0.240017
2260 -0.240008
2261 -0.239998
2262 -0.239989
2263 -0.239979
2264 -0.239970
2265 -0.239960
2266 -0.239951
2267 -0.239941
2268 -0.239931
2269 -0.239922
2270 -0.239912
2271 -0.239903
2272 -0.239893
2273 -0.239884
2274 -0.239874
2275 -0.239865
2276 -0.239855
2277 -0.239846
2278 -0.239836
2279 -0.239827
2280 -0.239817
2281 -0.239807
2282 -0.239798
2283 -0.239788
2284 -0.239779
2285 -0.239769
2286 -0.239760
2287 -0.239750
2288 -0.239741
2289 -0.239731
2290 -0.239722
2291 -0.239712
2292 -0.239703
2293 -0.239693
2294 -0.239683
2295 -0.239674
2296 -0.239664
2297 -0.239655
2298 -0.239645
2299 -0.239636
2300 -0.239626
2301 -0.239617
2302 -0.239607
2303 -0.239598
2304 -0.239588
2305 -0.239579
2306 -0.239569
2307 -0.239559
2308 -0.239550
2309 -0.239540
2310 -0.239531
2311 -0.239521
2312 -0.239512
2313 -0.239502
2314 -0.239493
2315 -0.239483
2316 -0.239474
2317 -0.239464
2318 -0.239455
2319 -0.239445
2320 -0.239436
2321 -0.239426
2322 -0.239416
2323 -0.239407
2324 -0.239397
2325 -0.239388
2326 -0.239378
2327 -0.239369
2328 -0.239359
2329 -0.239350
2330 -0.239340
2331 -0.239331
2332 -0.239321
2333 -0.239312
2334 -0.239302
2335 -0.239292
2336 -0.239283
2337 -0.239273
2338 -0.239264
2339 -0.239254
2340 -0.239245
2341 -0.239235
2342 -0.239226
2343 -0.239216
2344 -0.239207
2345 -0.239197
2346 -0.239188
2347 -0.239178
2348 -0.239168
2349 -0.239159
2350 -0.239149
2351 -0.239140
2352 -0.239130
2353 -0.239121
2354 -0.239111
2355 -0.239102
2356 -0.239092
2357 -0.239083
2358 -0.239073
2359 -0.239064
2360 -0.239054
2361 -0.239044
2362 -0.239035
2363 -0.239025
2364 -0.239016
2365 -0.239006
2366 -0.238997
2367 -0.238987
2368 -0.238978
2369 -0.238968
2370 -0.238959
2371 -0.238949
2372 -0.238940
2373 -0.238930
2374 -0.238920
2375 -0.238911
2376 -0.238901
2377 -0.238892
2378 -0.238882
2379 -0.238873
2380 -0.238863
2381 -0.238854
2382 -0.238844
2383 -0.238835
2384 -0.238825
2385 -0.238816
2386 -0.238806
2387 -0.238796
2388 -0.238787
2389 -0.238777
2390 -0.238768
2391 -0.238758
2392 -0.238749
2393 -0.238739
2394 -0.238730
2395 -0.238720
2396 -0.238711
2397 -0.238701
2398 -0.238692
2399 -0.238682
2400 -0.238672
2401 -0.238663
2402 -0.238653
2403 -0.238644
2404 -0.238634
2405 -0.238625
2406 -0.238615
2407 -0.238606
2408 -0.238596
2409 -0.238587
2410 -0.238577
2411 -0.238568
2412 -0.238558
2413 -0.238549
2414 -0.238539
2415 -0.238529
2416 -0.238520
2417 -0.238510
2418 -0.238501
2419 -0.238491
2420 -0.238482
2421 -0.238472
2422 -0.238463
2423 -0.238453
2424 -0.238444
2425 -0.238434
2426 -0.238425
2427 -0.238415
2428 -0.238405
2429 -0.238396
2430 -0.238386
2431 -0.238377
2432 -0.238367
2433 -0.238358
2434 -0.238348
2435 -0.238339
2436 -0.238329
2437 -0.238320
2438 -0.238310
2439 -0.238301
2440 -0.238291
2441 -0.238281
2442 -0.238272
2443 -0.238262
2444 -0.238253
2445 -0.238243
2446 -0.238234
2447 -0.238224
2448 -0.238215
2449 -0.238205
2450 -0.238196
2451 -0.238186
2452 -0.238177
2453 -0.238167
2454 -0.238157
2455 -0.238148
2456 -0.238138
2457 -0.238129
2458 -0.238119
2459 -0.238110
2460 -0.238100
2461 -0.238091
2462 -0.238081
2463 -0.238072
2464 -0.238062
2465 -0.238053
2466 -0.238043
2467 -0.238033
2468 -0.238024
2469 -0.238014
2470 -0.238005
2471 -0.237995
2472 -0.237986
2473 -0.237976
2474 -0.237967
2475 -0.237957
2476 -0.237948
2477 -0.237938
2478 -0.237929
2479 -0.237919
2480 -0.237910
2481 -0.237900
2482 -0.237890
2483 -0.237881
2484 -0.237871
2485 -0.237862
2486 -0.237852
2487 -0.237843
2488 -0.237833
2489 -0.237824
2490 -0.237814
2491 -0.237805
2492 -0.237795
2493 -0.237786
2494 -0.237776
2495 -0.237766
2496 -0.237757
2497 -0.237747
2498 -0.237738
2499 -0.237728
2500 -0.237719
2501 -0.237709
2502 -0.237700
2503 -0.237690
2504 -0.237681
2505 -0.237671
2506 -0.237662
2507 -0.237652
2508 -0.237642
2509 -0.237633
2510 -0.237623
2511 -0.237614
2512 -0.237604
2513 -0.237595
2514 -0.237585
2515 -0.237576
2516 -0.237566
2517 -0.237557
2518 -0.237547
2519 -0.237538
2520 -0.237528
2521 -0.237518
2522 -0.237509
2523 -0.237499
2524 -0.237490
2525 -0.237480
2526 -0.237471
2527 -0.237461
2528 -0.237452
2529 -0.237442
2530 -0.237433
2531 -0.237423
2532 -0.237414
2533 -0.237404
2534 -0.237394
2535 -0.237385
2536 -0.237375
2537 -0.237366
2538 -0.237356
2539 -0.237347
2540 -0.237337
2541 -0.237328
2542 -0.237318
2543 -0.237309
2544 -0.237299
2545 -0.237290
2546 -0.237280
2547 -0.237270
2548 -0.237261
2549 -0.237251
2550 -0.237242
2551 -0.237232
2552 -0.237223
2553 -0.237213
2554 -0.237204
2555 -0.237194
2556 -0.237185
2557 -0.237175
2558 -0.237166
2559 -0.237156
2560 -0.237147
2561 -0.237137
2562 -0.237127
2563 -0.237118
2564 -0.237108
2565 -0.237099
2566 -0.237089
2567 -0.237080
2568 -0.237070
2569 -0.237061
2570 -0.237051
2571 -0.237042
2572 -0.237032
2573 -0.237023
2574 -0.237013
2575 -0.237003
2576 -0.236994
2577 -0.236984
2578 -0.236975
2579 -0.236965
2580 -0.236956
2581 -0.236946
2582 -0.236937
2583 -0.236927
2584 -0.236918
2585 -0.236908
2586 -0.236899
2587 -0.236889
2588 -0.236879
2589 -0.236870
2590 -0.236860
2591 -0.236851
2592 -0.236841
2593 -0.236832
2594 -0.236822
2595 -0.236813
2596 -0.236803
2597 -0.236794
2598 -0.236784
2599 -0.236775
2600 -0.236765
2601 -0.236755
2602 -0.236746
2603 -0.236736
2604 -0.236727
2605 -0.236717
2606 -0.236708
2607 -0.236698
2608 -0.236689
2609 -0.236679
2610 -0.236670
2611 -0.236660
2612 -0.236651
2613 -0.236641
2614 -0.236631
2615 -0.236622
2616 -0.236612
2617 -0.236603
2618 -0.236593
2619 -0.236584
2620 -0.236574
2621 -0.236565
2622 -0.236555
2623 -0.236546
2624 -0.236536
2625 -0.236527
2626 -0.236517
2627 -0.236507
2628 -0.236498
2629 -0.236488
2630 -0.236479
2631 -0.236469
2632 -0.236460
2633 -0.236450
2634 -0.236441
2635 -0.236431
2636 -0.236422
2637 -0.236412
2638 -0.236403
2639 -0.236393
2640 -0.236383
2641 -0.236374
2642 -0.236364
2643 -0.236355
2644 -0.236345
2645 -0.236336
2646 -0.236326
2647 -0.236317
2648 -0.236307
2649 -0.236298
2650 -0.236288
2651 -0.236279
2652 -0.236269
2653 -0.236260
2654 -0.236250
2655 -0.236240
2656 -0.236231
2657 -0.236221
2658 -0.236212
2659 -0.236202
2660 -0.236193
2661 -0.236183
2662 -0.236174
2663 -0.236164
2664 -0.236155
2665 -0.236145
2666 -0.236136
2667 -0.236126
2668 -0.236116
2669 -0.236107
2670 -0.236097
2671 -0.236088
2672 -0.236078
2673 -0.236069
2674 -0.236059
2675 -0.236050
2676 -0.236040
2677 -0.236031
2678 -0.236021
2679 -0.236012
2680 -0.236002
2681 -0.235992
2682 -0.235983
2683 -0.235973
2684 -0.235964
2685 -0.235954
2686 -0.235945
2687 -0.235935
2688 -0.235926
2689 -0.235916
2690 -0.235907
2691 -0.235897
2692 -0.235888
2693 -0.235878
2694 -0.235868
2695 -0.235859
2696 -0.235849
2697 -0.235840
2698 -0.235830
2699 -0.235821
2700 -0.235811
2701 -0.235802
2702 -0.235792
2703 -0.235783
2704 -0.235773
2705 -0.235764
2706 -0.235754
2707 -0.235744
2708 -0.235735
2709 -0.235725
2710 -0.235716
2711 -0.235706
2712 -0.235697
2713 -0.235687
2714 -0.235678
2715 -0.235668
2716 -0.235659
2717 -0.235649
2718 -0.235640
2719 -0.235630
2720 -0.235621
2721 -0.235611
2722 -0.235601
2723 -0.235592
2724 -0.235582
2725 -0.235573
2726 -0.235563
2727 -0.235554
2728 -0.235544
2729 -0.235535
2730 -0.235525
2731 -0.235516
2732 -0.235506
2733 -0.235497
2734 -0.235487
2735 -0.235477
2736 -0.235468
2737 -0.235458
2738 -0.235449
2739 -0.235439
2740 -0.235430
2741 -0.235420
2742 -0.235411
2743 -0.235401
2744 -0.235392
2745 -0.235382
2746 -0.235373
2747 -0.235363
2748 -0.235353
2749 -0.235344
2750 -0.235334
2751 -0.235325
2752 -0.235315
2753 -0.235306
2754 -0.235296
2755 -0.235287
2756 -0.235277
2757 -0.235268
2758 -0.235258
2759 -0.235249
2760 -0.235239
2761 -0.235229
2762 -0.235220
2763 -0.235210
2764 -0.235201
2765 -0.235191
2766 -0.235182
2767 -0.235172
2768 -0.235163
2769 -0.235153
2770 -0.235144
2771 -0.235134
2772 -0.235125
2773 -0.235115
2774 -0.235105
2775 -0.235096
2776 -0.235086
2777 -0.235077
2778 -0.235067
2779 -0.235058
2780 -0.235048
2781 -0.235039
2782 -0.235029
2783 -0.235020
2784 -0.235010
2785 -0.235001
2786 -0.234991
2787 -0.234981
2788 -0.234972
2789 -0.234962
2790 -0.234953
2791 -0.234943
2792 -0.234934
2793 -0.234924
2794 -0.234915
2795 -0.234905
2796 -0.234896
2797 -0.234886
2798 -0.234877
2799 -0.234867
2800 -0.234858
2801 -0.234848
2802 -0.234838
2803 -0.234829
2804 -0.234819
2805 -0.234810
2806 -0.234800
2807 -0.234791
2808 -0.234781
2809 -0.234772
2810 -0.234762
2811 -0.234753
2812 -0.234743
2813 -0.234734
2814 -0.234724
2815 -0.234714
2816 -0.234705
2817 -0.234695
2818 -0.234686
2819 -0.234676
2820 -0.234667
2821 -0.234657
2822 -0.234648
2823 -0.234638
2824 -0.234629
2825 -0.234619
2826 -0.234610
2827 -0.234600
2828 -0.234590
2829 -0.234581
2830 -0.234571
2831 -0.234562
2832 -0.234552
2833 -0.234543
2834 -0.234533
2835 -0.234524
2836 -0.234514
2837 -0.234505
2838 -0.234495
2839 -0.234486
2840 -0.234476
2841 -0.234466
2842 -0.234457
2843 -0.234447
2844 -0.234438
2845 -0.234428
2846 -0.234419
2847 -0.234409
2848 -0.234400
2849 -0.234390
2850 -0.234381
2851 -0.234371
2852 -0.234362
2853 -0.234352
2854 -0.234342
2855 -0.234333
2856 -0.234323
2857 -0.234314
2858 -0.234304
2859 -0.234295
2860 -0.234285
2861 -0.234276
2862 -0.234266
2863 -0.234257
2864 -0.234247
2865 -0.234238
2866 -0.234228
2867 -0.234218
2868 -0.234209
2869 -0.234199
2870 -0.234190
2871 -0.234180
2872 -0.234171
2873 -0.234161
2874 -0.234152
2875 -0.234142
2876 -0.234133
2877 -0.234123
2878 -0.234114
2879 -0.234104
2880 -0.234094
2881 -0.234085
2882 -0.234075
2883 -0.234066
2884 -0.234056
2885 -0.234047
2886 -0.234037
2887 -0.234028
2888 -0.234018
2889 -0.234009
2890 -0.233999
2891 -0.233990
2892 -0.233980
2893 -0.233971
2894 -0.233961
2895 -0.233951
2896 -0.233942
2897 -0.233932
2898 -0.233923
2899 -0.233913
2900 -0.233904
2901 -0.233894
2902 -0.233885
2903 -0.233875
2904 -0.233866
2905 -0.233856
2906 -0.233847
2907 -0.233837
2908 -0.233827
2909 -0.233818
2910 -0.233808
2911 -0.233799
2912 -0.233789
2913 -0.233780
2914 -0.233770
2915 -0.233761
2916 -0.233751
2917 -0.233742
2918 -0.233732
2919 -0.233723
2920 -0.233713
2921 -0.233703
2922 -0.233694
2923 -0.233684
2924 -0.233675
2925 -0.233665
2926 -0.233656
2927 -0.233646
2928 -0.233637
2929 -0.233627
2930 -0.233618
2931 -0.233608
2932 -0.233599
2933 -0.233589
2934 -0.233579
2935 -0.233570
2936 -0.233560
2937 -0.233551
2938 -0.233541
2939 -0.233532
2940 -0.233522
2941 -0.233513
2942 -0.233503
2943 -0.233494
2944 -0.233484
2945 -0.233475
2946 -0.233465
2947 -0.233455
2948 -0.233446
2949 -0.233436
2950 -0.233427
2951 -0.233417
2952 -0.233408
2953 -0.233398
2954 -0.233389
2955 -0.233379
2956 -0.233370
2957 -0.233360
2958 -0.233351
2959 -0.233341
2960 -0.233332
2961 -0.233322
2962 -0.233312
2963 -0.233303
2964 -0.233293
2965 -0.233284
2966 -0.233274
2967 -0.233265
2968 -0.233255
2969 -0.233246
2970 -0.233236
2971 -0.233227
2972 -0.233217
2973 -0.233208
2974 -0.233198
2975 -0.233188
2976 -0.233179
2977 -0.233169
2978 -0.233160
2979 -0.233150
2980 -0.233141
2981 -0.233131
2982 -0.233122
2983 -0.233112
2984 -0.233103
2985 -0.233093
2986 -0.233084
2987 -0.233074
2988 -0.233064
2989 -0.233055
2990 -0.233045
2991 -0.233036
2992 -0.233026
2993 -0.233017
2994 -0.233007
2995 -0.232998
2996 -0.232988
2997 -0.232979
2998 -0.232969
2999 -0.232960
3000 -0.232950
3001 -0.232940
3002 -0.232931
3003 -0.232921
3004 -0.232912
3005 -0.232902
3006 -0.232893
3007 -0.232883
3008 -0.232874
3009 -0.232864
3010 -0.232855
3011 -0.232845
3012 -0.232836
3013 -0.232826
3014 -0.232816
3015 -0.232807
3016 -0.232797
3017 -0.232788
3018 -0.232778
3019 -0.232769
3020 -0.232759
3021 -0.232750
3022 -0.232740
3023 -0.232731
3024 -0.232721
3025 -0.232712
3026 -0.232702
3027 -0.232692
3028 -0.232683
3029 -0.232673
3030 -0.232664
3031 -0.232654
3032 -0.232645
3033 -0.232635
3034 -0.232626
3035 -0.232616
3036 -0.232607
3037 -0.232597
3038 -0.232588
3039 -0.232578
3040 -0.232569
3041 -0.232559
3042 -0.232549
3043 -0.232540
3044 -0.232530
3045 -0.232521
3046 -0.232511
3047 -0.232502
3048 -0.232492
3049 -0.232483
3050 -0.232473
3051 -0.232464
3052 -0.232454
3053 -0.232445
3054 -0.232435
3055 -0.232425
3056 -0.232416
3057 -0.232406
3058 -0.232397
3059 -0.232387
3060 -0.232378
3061 -0.232368
3062 -0.232359
3063 -0.232349
3064 -0.232340
3065 -0.232330
3066 -0.232321
3067 -0.232311
3068 -0.232301
3069 -0.232292
3070 -0.232282
3071 -0.232273
3072 -0.232263
3073 -0.232254
3074 -0.232244
3075 -0.232235
3076 -0.232225
3077 -0.232216
3078 -0.232206
3079 -0.232197
3080 -0.232187
3081 -0.232177
3082 -0.232168
3083 -0.232158
3084 -0.232149
3085 -0.232139
3086 -0.232130
3087 -0.232120
3088 -0.232111
3089 -0.232101
3090 -0.232092
3091 -0.232082
3092 -0.232073
3093 -0.232063
3094 -0.232053
3095 -0.232044
3096 -0.232034
3097 -0.232025
3098 -0.232015
3099 -0.232006
3100 -0.231996
3101 -0.231987
3102 -0.231977
3103 -0.231968
3104 -0.231958
3105 -0.231949
3106 -0.231939
3107 -0.231929
3108 -0.231920
3109 -0.231910
3110 -0.231901
3111 -0.231891
3112 -0.231882
3113 -0.231872
3114 -0.231863
3115 -0.231853
3116 -0.231844
3117 -0.231834
3118 -0.231825
3119 -0.231815
3120 -0.231806
3121 -0.231796
3122 -0.231786
3123 -0.231777
3124 -0.231767
3125 -0.231758
3126 -0.231748
3127 -0.231739
3128 -0.231729
3129 -0.231720
3130 -0.231710
3131 -0.231701
3132 -0.231691
3133 -0.231682
3134 -0.231672
3135 -0.231662
3136 -0.231653
3137 -0.231643
3138 -0.231634
3139 -0.231624
3140 -0.231615
3141 -0.231605
3142 -0.231596
3143 -0.231586
3144 -0.231577
3145 -0.231567
3146 -0.231558
3147 -0.231548
3148 -0.231538
3149 -0.231529
3150 -0.231519
3151 -0.231510
3152 -0.231500
3153 -0.231491
3154 -0.231481
3155 -0.231472
3156 -0.231462
3157 -0.231453
3158 -0.231443
3159 -0.231434
3160 -0.231424
3161 -0.231414
3162 -0.231405
3163 -0.231395
3164 -0.231386
3165 -0.231376
3166 -0.231367
3167 -0.231357
3168 -0.231348
3169 -0.231338
3170 -0.231329
3171 -0.231319
3172 -0.231310
3173 -0.231300
3174 -0.231290
3175 -0.231281
3176 -0.231271
3177 -0.231262
3178 -0.231252
3179 -0.231243
3180 -0.231233
3181 -0.231224
3182 -0.231214
3183 -0.231205
3184 -0.231195
3185 -0.231186
3186 -0.231176
3187 -0.231166
3188 -0.231157
3189 -0.231147
3190 -0.231138
3191 -0.231128
3192 -0.231119
3193 -0.231109
3194 -0.231100
3195 -0.231090
3196 -0.231081
3197 -0.231071
3198 -0.231062
3199 -0.231052
3200 -0.231042
3201 -0.231033
3202 -0.231023
3203 -0.231014
3204 -0.231004
3205 -0.230995
3206 -0.230985
3207 -0.230976
3208 -0.230966
3209 -0.230957
3210 -0.230947
3211 -0.230938
3212 -0.230928
3213 -0.230919
3214 -0.230909
3215 -0.230899
3216 -0.230890
3217 -0.230880
3218 -0.230871
3219 -0.230861
3220 -0.230852
3221 -0.230842
3222 -0.230833
3223 -0.230823
3224 -0.230814
3225 -0.230804
3226 -0.230795
3227 -0.230785
3228 -0.230775
3229 -0.230766
3230 -0.230756
3231 -0.230747
3232 -0.230737
3233 -0.230728
3234 -0.230718
3235 -0.230709
3236 -0.230699
3237 -0.230690
3238 -0.230680
3239 -0.230671
3240 -0.230661
3241 -0.230651
3242 -0.230642
3243 -0.230632
3244 -0.230623
3245 -0.230613
3246 -0.230604
3247 -0.230594
3248 -0.230585
3249 -0.230575
3250 -0.230566
3251 -0.230556
3252 -0.230547
3253 -0.230537
3254 -0.230527
3255 -0.230518
3256 -0.230508
3257 -0.230499
3258 -0.230489
3259 -0.230480
3260 -0.230470
3261 -0.230461
3262 -0.230451
3263 -0.230442
3264 -0.230432
3265 -0.230423
3266 -0.230413
3267 -0.230403
3268 -0.230394
3269 -0.230384
3270 -0.230375
3271 -0.230365
3272 -0.230356
3273 -0.230346
3274 -0.230337
3275 -0.230327
3276 -0.230318
3277 -0.230308
3278 -0.230299
3279 -0.230289
3280 -0.230279
3281 -0.230270
3282 -0.230260
3283 -0.230251
3284 -0.230241
3285 -0.230232
3286 -0.230222
3287 -0.230213
3288 -0.230203
3289 -0.230194
3290 -0.230184
3291 -0.230175
3292 -0.230165
3293 -0.230156
3294 -0.230146
3295 -0.230136
3296 -0.230127
3297 -0.230117
3298 -0.230108
3299 -0.230098
3300 -0.230089
3301 -0.230079
3302 -0.230070
3303 -0.230060
3304 -0.230051
3305 -0.230041
3306 -0.230032
3307 -0.230022
3308 -0.230012
3309 -0.230003
3310 -0.229993
3311 -0.229984
3312 -0.229974
3313 -0.229965
3314 -0.229955
3315 -0.229946
3316 -0.229936
3317 -0.229927
3318 -0.229917
3319 -0.229908
3320 -0.229898
3321 -0.229888
3322 -0.229879
3323 -0.229869
3324 -0.229860
3325 -0.229850
3326 -0.229841
3327 -0.229831
3328 -0.229822
3329 -0.229812
3330 -0.229803
3331 -0.229793
3332 -0.229784
3333 -0.229774
3334 -0.229764
3335 -0.229755
3336 -0.229745
3337 -0.229736
3338 -0.229726
3339 -0.229717
3340 -0.229707
3341 -0.229698
3342 -0.229688
3343 -0.229679
3344 -0.229669
3345 -0.229660
3346 -0.229650
3347 -0.229640
3348 -0.229631
3349 -0.229621
3350 -0.229612
3351 -0.229602
3352 -0.229593
3353 -0.229583
3354 -0.229574
3355 -0.229564
3356 -0.229555
3357 -0.229545
3358 -0.229536
3359 -0.229526
3360 -0.229516
3361 -0.229507
3362 -0.229497
3363 -0.229488
3364 -0.229478
3365 -0.229469
3366 -0.229459
3367 -0.229450
3368 -0.229440
3369 -0.229431
3370 -0.229421
3371 -0.229412
3372 -0.229402
3373 -0.229393
3374 -0.229383
3375 -0.229373
3376 -0.229364
3377 -0.229354
3378 -0.229345
3379 -0.229335
3380 -0.229326
3381 -0.229316
3382 -0.229307
3383 -0.229297
3384 -0.229288
3385 -0.229278
3386 -0.229269
3387 -0.229259
3388 -0.229249
3389 -0.229240
3390 -0.229230
3391 -0.229221
3392 -0.229211
3393 -0.229202
3394 -0.229192
3395 -0.229183
3396 -0.229173
3397 -0.229164
3398 -0.229154
3399 -0.229145
3400 -0.229135
3401 -0.229125
3402 -0.229116
3403 -0.229106
3404 -0.229097
3405 -0.229087
3406 -0.229078
3407 -0.229068
3408 -0.229059
3409 -0.229049
3410 -0.229040
3411 -0.229030
3412 -0.229021
3413 -0.229011
3414 -0.229001
3415 -0.228992
3416 -0.228982
3417 -0.228973
3418 -0.228963
3419 -0.228954
3420 -0.228944
3421 -0.228935
3422 -0.228925
3423 -0.228916
3424 -0.228906
3425 -0.228897
3426 -0.228887
3427 -0.228877
3428 -0.228868
3429 -0.228858
3430 -0.228849
3431 -0.228839
3432 -0.228830
3433 -0.228820
3434 -0.228811
3435 -0.228801
3436 -0.228792
3437 -0.228782
3438 -0.228773
3439 -0.228763
3440 -0.228754
3441 -0.228744
3442 -0.228734
3443 -0.228725
3444 -0.228715
3445 -0.228706
3446 -0.228696
3447 -0.228687
3448 -0.228677
3449 -0.228668
3450 -0.228658
3451 -0.228649
3452 -0.228639
3453 -0.228630
3454 -0.228620
3455 -0.228610
3456 -0.228601
3457 -0.228591
3458 -0.228582
3459 -0.228572
3460 -0.228563
3461 -0.228553
3462 -0.228544
3463 -0.228534
3464 -0.228525
3465 -0.228515
3466 -0.228506
3467 -0.228496
3468 -0.228486
3469 -0.228477
3470 -0.228467
3471 -0.228458
3472 -0.228448
3473 -0.228439
3474 -0.228429
3475 -0.228420
3476 -0.228410
3477 -0.228401
3478 -0.228391
3479 -0.228382
3480 -0.228372
3481 -0.228362
3482 -0.228353
3483 -0.228343
3484 -0.228334
3485 -0.228324
3486 -0.228315
3487 -0.228305
3488 -0.228296
3489 -0.228286
3490 -0.228277
3491 -0.228267
3492 -0.228258
3493 -0.228248
3494 -0.228238
3495 -0.228229
3496 -0.228219
3497 -0.228210
3498 -0.228200
3499 -0.228191
3500 -0.228181
3501 -0.228172
3502 -0.228162
3503 -0.228153
3504 -0.228143
3505 -0.228134
3506 -0.228124
3507 -0.228114
3508 -0.228105
3509 -0.228095
3510 -0.228086
3511 -0.228076
3512 -0.228067
3513 -0.228057
3514 -0.228048
3515 -0.228038
3516 -0.228029
3517 -0.228019
3518 -0.228010
3519 -0.228000
3520 -0.227990
3521 -0.227981
3522 -0.227971
3523 -0.227962
3524 -0.227952
3525 -0.227943
3526 -0.227933
3527 -0.227924
3528 -0.227914
3529 -0.227905
3530 -0.227895
3531 -0.227886
3532 -0.227876
3533 -0.227867
3534 -0.227857
3535 -0.227847
3536 -0.227838
3537 -0.227828
3538 -0.227819
3539 -0.227809
3540 -0.227800
3541 -0.227790
3542 -0.227781
3543 -0.227771
3544 -0.227762
3545 -0.227752
3546 -0.227743
3547 -0.227733
3548 -0.227723
3549 -0.227714
3550 -0.227704
3551 -0.227695
3552 -0.227685
3553 -0.227676
3554 -0.227666
3555 -0.227657
3556 -0.227647
3557 -0.227638
3558 -0.227628
3559 -0.227619
3560 -0.227609
3561 -0.227599
3562 -0.227590
3563 -0.227580
3564 -0.227571
3565 -0.227561
3566 -0.227552
3567 -0.227542
3568 -0.227533
3569 -0.227523
3570 -0.227514
3571 -0.227504
3572 -0.227495
3573 -0.227485
3574 -0.227475
3575 -0.227466
3576 -0.227456
3577 -0.227447
3578 -0.227437
3579 -0.227428
3580 -0.227418
3581 -0.227409
3582 -0.227399
3583 -0.227390
3584 -0.227380
3585 -0.227371
3586 -0.227361
3587 -0.227351
3588 -0.227342
3589 -0.227332
3590 -0.227323
3591 -0.227313
3592 -0.227304
3593 -0.227294
3594 -0.227285
3595 -0.227275
3596 -0.227266
3597 -0.227256
3598 -0.227247
3599 -0.227237
3600 -0.227228
3601 -0.227218
3602 -0.227208
3603 -0.227199
3604 -0.227189
3605 -0.227180
3606 -0.227170
3607 -0.227161
3608 -0.227151
3609 -0.227142
3610 -0.227132
3611 -0.227123
3612 -0.227113
3613 -0.227104
3614 -0.227094
3615 -0.227084
3616 -0.227075
3617 -0.227065
3618 -0.227056
3619 -0.227046
3620 -0.227037
3621 -0.227027
3622 -0.227018
3623 -0.227008
3624 -0.226999
3625 -0.226989
3626 -0.226980
3627 -0.226970
3628 -0.226960
3629 -0.226951
3630 -0.226941
3631 -0.226932
3632 -0.226922
3633 -0.226913
3634 -0.226903
3635 -0.226894
3636 -0.226884
3637 -0.226875
3638 -0.226865
3639 -0.226856
3640 -0.226846
3641 -0.226836
3642 -0.226827
3643 -0.226817
3644 -0.226808
3645 -0.226798
3646 -0.226789
3647 -0.226779
3648 -0.226770
3649 -0.226760
3650 -0.226751
3651 -0.226741
3652 -0.226732
3653 -0.226722
3654 -0.226712
3655 -0.226703
3656 -0.226693
3657 -0.226684
3658 -0.226674
3659 -0.226665
3660 -0.226655
3661 -0.226646
3662 -0.226636
3663 -0.226627
3664 -0.226617
3665 -0.226608
3666 -0.226598
3667 -0.226588
3668 -0.226579
3669 -0.226569
3670 -0.226560
3671 -0.226550
3672 -0.226541
3673 -0.226531
3674 -0.226522
3675 -0.226512
3676 -0.226503
3677 -0.226493
3678 -0.226484
3679 -0.226474
3680 -0.226464
3681 -0.226455
3682 -0.226445
3683 -0.226436
3684 -0.226426
3685 -0.226417
3686 -0.226407
3687 -0.226398
3688 -0.226388
3689 -0.226379
3690 -0.226369
3691 -0.226360
3692 -0.226350
3693 -0.226341
3694 -0.226331
3695 -0.226321
3696 -0.226312
3697 -0.226302
3698 -0.226293
3699 -0.226283
3700 -0.226274
3701 -0.226264
3702 -0.226255
3703 -0.226245
3704 -0.226236
3705 -0.226226
3706 -0.226217
3707 -0.226207
3708 -0.226197
3709 -0.226188
3710 -0.226178
3711 -0.226169
3712 -0.226159
3713 -0.226150
3714 -0.226140
3715 -0.226131
3716 -0.226121
3717 -0.226112
3718 -0.226102
3719 -0.226093
3720 -0.226083
3721 -0.226073
3722 -0.226064
3723 -0.226054
3724 -0.226045
3725 -0.226035
3726 -0.226026
3727 -0.226016
3728 -0.226007
3729 -0.225997
3730 -0.225988
3731 -0.225978
3732 -0.225969
3733 -0.225959
3734 -0.225949
3735 -0.225940
3736 -0.225930
3737 -0.225921
3738 -0.225911
3739 -0.225902
3740 -0.225892
3741 -0.225883
3742 -0.225873
3743 -0.225864
3744 -0.225854
3745 -0.225845
3746 -0.225835
3747 -0.225825
3748 -0.225816
3749 -0.225806
3750 -0.225797
3751 -0.225787
3752 -0.225778
3753 -0.225768
3754 -0.225759
3755 -0.225749
3756 -0.225740
3757 -0.225730
3758 -0.225721
3759 -0.225711
3760 -0.225701
3761 -0.225692
3762 -0.225682
3763 -0.225673
3764 -0.225663
3765 -0.225654
3766 -0.225644
3767 -0.225635
3768 -0.225625
3769 -0.225616
3770 -0.225606
3771 -0.225597
3772 -0.225587
3773 -0.225578
3774 -0.225568
3775 -0.225558
3776 -0.225549
3777 -0.225539
3778 -0.225530
3779 -0.225520
3780 -0.225511
3781 -0.225501
3782 -0.225492
3783 -0.225482
3784 -0.225473
3785 -0.225463
3786 -0.225454
3787 -0.225444
3788 -0.225434
3789 -0.225425
3790 -0.225415
3791 -0.225406
3792 -0.225396
3793 -0.225387
3794 -0.225377
3795 -0.225368
3796 -0.225358
3797 -0.225349
3798 -0.225339
3799 -0.225330
3800 -0.225320
3801 -0.225310
3802 -0.225301
3803 -0.225291
3804 -0.225282
3805 -0.225272
3806 -0.225263
3807 -0.225253
3808 -0.225244
3809 -0.225234
3810 -0.225225
3811 -0.225215
3812 -0.225206
3813 -0.225196
3814 -0.225186
3815 -0.225177
3816 -0.225167
3817 -0.225158
3818 -0.225148
3819 -0.225139
3820 -0.225129
3821 -0.225120
3822 -0.225110
3823 -0.225101
3824 -0.225091
3825 -0.225082
3826 -0.225072
3827 -0.225062
3828 -0.225053
3829 -0.225043
3830 -0.225034
3831 -0.225024
3832 -0.225015
3833 -0.225005
3834 -0.224996
3835 -0.224986
3836 -0.224977
3837 -0.224967
3838 -0.224958
3839 -0.224948
3840 -0.224939
3841 -0.224929
3842 -0.224919
3843 -0.224910
3844 -0.224900
3845 -0.224891
3846 -0.224881
3847 -0.224872
3848 -0.224862
3849 -0.224853
3850 -0.224843
3851 -0.224834
3852 -0.224824
3853 -0.224815
3854 -0.224805
3855 -0.224795
3856 -0.224786
3857 -0.224776
3858 -0.224767
3859 -0.224757
3860 -0.224748
3861 -0.224738
3862 -0.224729
3863 -0.224719
3864 -0.224710
3865 -0.224700
3866 -0.224691
3867 -0.224681
3868 -0.224671
3869 -0.224662
3870 -0.224652
3871 -0.224643
3872 -0.224633
3873 -0.224624
3874 -0.224614
3875 -0.224605
3876 -0.224595
3877 -0.224586
3878 -0.224576
3879 -0.224567
3880 -0.224557
3881 -0.224547
3882 -0.224538
3883 -0.224528
3884 -0.224519
3885 -0.224509
3886 -0.224500
3887 -0.224490
3888 -0.224481
3889 -0.224471
3890 -0.224462
3891 -0.224452
3892 -0.224443
3893 -0.224433
3894 -0.224423
3895 -0.224414
3896 -0.224404
3897 -0.224395
3898 -0.224385
3899 -0.224376
3900 -0.224366
3901 -0.224357
3902 -0.224347
3903 -0.224338
3904 -0.224328
3905 -0.224319
3906 -0.224309
3907 -0.224299
3908 -0.224290
3909 -0.224280
3910 -0.224271
3911 -0.224261
3912 -0.224252
3913 -0.224242
3914 -0.224233
3915 -0.224223
3916 -0.224214
3917 -0.224204
3918 -0.224195
3919 -0.224185
3920 -0.224175
3921 -0.224166
3922 -0.224156
3923 -0.224147
3924 -0.224137
3925 -0.224128
3926 -0.224118
3927 -0.224109
3928 -0.224099
3929 -0.224090
3930 -0.224080
3931 -0.224071
3932 -0.224061
3933 -0.224052
3934 -0.224042
3935 -0.224032
3936 -0.224023
3937 -0.224013
3938 -0.224004
3939 -0.223994
3940 -0.223985
3941 -0.223975
3942 -0.223966
3943 -0.223956
3944 -0.223947
3945 -0.223937
3946 -0.223928
3947 -0.223918
3948 -0.223908
3949 -0.223899
3950 -0.223889
3951 -0.223880
3952 -0.223870
3953 -0.223861
3954 -0.223851
3955 -0.223842
3956 -0.223832
3957 -0.223823
3958 -0.223813
3959 -0.223804
3960 -0.223794
3961 -0.223784
3962 -0.223775
3963 -0.223765
3964 -0.223756
3965 -0.223746
3966 -0.223737
3967 -0.223727
3968 -0.223718
3969 -0.223708
3970 -0.223699
3971 -0.223689
3972 -0.223680
3973 -0.223670
3974 -0.223660
3975 -0.223651
3976 -0.223641
3977 -0.223632
3978 -0.223622
3979 -0.223613
3980 -0.223603
3981 -0.223594
3982 -0.223584
3983 -0.223575
3984 -0.223565
3985 -0.223556
3986 -0.223546
3987 -0.223536
3988 -0.223527
3989 -0.223517
3990 -0.223508
3991 -0.223498
3992 -0.223489
3993 -0.223479
3994 -0.223470
3995 -0.223460
3996 -0.223451
3997 -0.223441
3998 -0.223432
3999 -0.223422
4000 -0.223413
4001 -0.223403
4002 -0.223393
4003 -0.223384
4004 -0.223374
4005 -0.223365
4006 -0.223355
4007 -0.223346
4008 -0.223336
4009 -0.223327
4010 -0.223317
4011 -0.223308
4012 -0.223298
4013 -0.223289
4014 -0.223279
4015 -0.223269
4016 -0.223260
4017 -0.223250
4018 -0.223241
4019 -0.223231
4020 -0.223222
4021 -0.223212
4022 -0.223203
4023 -0.223193
4024 -0.223184
4025 -0.223174
4026 -0.223165
4027 -0.223155
4028 -0.223145
4029 -0.223136
4030 -0.223126
4031 -0.223117
4032 -0.223107
4033 -0.223098
4034 -0.223088
4035 -0.223079
4036 -0.223069
4037 -0.223060
4038 -0.223050
4039 -0.223041
4040 -0.223031
4041 -0.223021
4042 -0.223012
4043 -0.223002
4044 -0.222993
4045 -0.222983
4046 -0.222974
4047 -0.222964
4048 -0.222955
4049 -0.222945
4050 -0.222936
4051 -0.222926
4052 -0.222917
4053 -0.222907
4054 -0.222897
4055 -0.222888
4056 -0.222878
4057 -0.222869
4058 -0.222859
4059 -0.222850
4060 -0.222840
4061 -0.222831
4062 -0.222821
4063 -0.222812
4064 -0.222802
4065 -0.222793
4066 -0.222783
4067 -0.222773
4068 -0.222764
4069 -0.222754
4070 -0.222745
4071 -0.222735
4072 -0.222726
4073 -0.222716
4074 -0.222707
4075 -0.222697
4076 -0.222688
4077 -0.222678
4078 -0.222669
4079 -0.222659
4080 -0.222650
4081 -0.222640
4082 -0.222630
4083 -0.222621
4084 -0.222611
4085 -0.222602
4086 -0.222592
4087 -0.222583
4088 -0.222573
4089 -0.222564
4090 -0.222554
4091 -0.222545
4092 -0.222535
4093 -0.222526
4094 -0.222516
4095 -0.222506
4096 -0.222497
4097 -0.222487
4098 -0.222478
4099 -0.222468
4100 -0.222459
4101 -0.222449
4102 -0.222440
4103 -0.222430
4104 -0.222421
4105 -0.222411
4106 -0.222402
4107 -0.222392
4108 -0.222382
4109 -0.222373
4110 -0.222363
4111 -0.222354
4112 -0.222344
4113 -0.222335
4114 -0.222325
4115 -0.222316
4116 -0.222306
4117 -0.222297
4118 -0.222287
4119 -0.222278
4120 -0.222268
4121 -0.222258
4122 -0.222249
4123 -0.222239
4124 -0.222230
4125 -0.222220
4126 -0.222211
4127 -0.222201
4128 -0.222192
4129 -0.222182
4130 -0.222173
4131 -0.222163
4132 -0.222154
4133 -0.222144
4134 -0.222134
4135 -0.222125
4136 -0.222115
4137 -0.222106
4138 -0.222096
4139 -0.222087
4140 -0.222077
4141 -0.222068
4142 -0.222058
4143 -0.222049
4144 -0.222039
4145 -0.222030
4146 -0.222020
4147 -0.222010
4148 -0.222001
4149 -0.221991
4150 -0.221982
4151 -0.221972
4152 -0.221963
4153 -0.221953
4154 -0.221944
4155 -0.221934
4156 -0.221925
4157 -0.221915
4158 -0.221906
4159 -0.221896
4160 -0.221887
4161 -0.221877
4162 -0.221867
4163 -0.221858
4164 -0.221848
4165 -0.221839
4166 -0.221829
4167 -0.221820
4168 -0.221810
4169 -0.221801
4170 -0.221791
4171 -0.221782
4172 -0.221772
4173 -0.221763
4174 -0.221753
4175 -0.221743
4176 -0.221734
4177 -0.221724
4178 -0.221715
4179 -0.221705
4180 -0.221696
4181 -0.221686
4182 -0.221677
4183 -0.221667
4184 -0.221658
4185 -0.221648
4186 -0.221639
4187 -0.221629
4188 -0.221619
4189 -0.221610
4190 -0.221600
4191 -0.221591
4192 -0.221581
4193 -0.221572
4194 -0.221562
4195 -0.221553
4196 -0.221543
4197 -0.221534
4198 -0.221524
4199 -0.221515
4200 -0.221505
4201 -0.221495
4202 -0.221486
4203 -0.221476
4204 -0.221467
4205 -0.221457
4206 -0.221448
4207 -0.221438
4208 -0.221429
4209 -0.221419
4210 -0.221410
4211 -0.221400
4212 -0.221391
4213 -0.221381
4214 -0.221371
4215 -0.221362
4216 -0.221352
4217 -0.221343
4218 -0.221333
4219 -0.221324
4220 -0.221314
4221 -0.221305
4222 -0.221295
4223 -0.221286
4224 -0.221276
4225 -0.221267
4226 -0.221257
4227 -0.221247
4228 -0.221238
4229 -0.221228
4230 -0.221219
4231 -0.221209
4232 -0.221200
4233 -0.221190
4234 -0.221181
4235 -0.221171
4236 -0.221162
4237 -0.221152
4238 -0.221143
4239 -0.221133
4240 -0.221124
4241 -0.221114
4242 -0.221104
4243 -0.221095
4244 -0.221085
4245 -0.221076
4246 -0.221066
4247 -0.221057
4248 -0.221047
4249 -0.221038
4250 -0.221028
4251 -0.221019
4252 -0.221009
4253 -0.221000
4254 -0.220990
4255 -0.220980
4256 -0.220971
4257 -0.220961
4258 -0.220952
4259 -0.220942
4260 -0.220933
4261 -0.220923
4262 -0.220914
4263 -0.220904
4264 -0.220895
4265 -0.220885
4266 -0.220876
4267 -0.220866
4268 -0.220856
4269 -0.220847
4270 -0.220837
4271 -0.220828
4272 -0.220818
4273 -0.220809
4274 -0.220799
4275 -0.220790
4276 -0.220780
4277 -0.220771
4278 -0.220761
4279 -0.220752
4280 -0.220742
4281 -0.220732
4282 -0.220723
4283 -0.220713
4284 -0.220704
4285 -0.220694
4286 -0.220685
4287 -0.220675
4288 -0.220666
4289 -0.220656
4290 -0.220647
4291 -0.220637
4292 -0.220628
4293 -0.220618
4294 -0.220608
4295 -0.220599
4296 -0.220589
4297 -0.220580
4298 -0.220570
4299 -0.220561
4300 -0.220551
4301 -0.220542
4302 -0.220532
4303 -0.220523
4304 -0.220513
4305 -0.220504
4306 -0.220494
4307 -0.220484
4308 -0.220475
4309 -0.220465
4310 -0.220456
4311 -0.220446
4312 -0.220437
4313 -0.220427
4314 -0.220418
4315 -0.220408
4316 -0.220399
4317 -0.220389
4318 -0.220380
4319 -0.220370
4320 -0.220360
4321 -0.220351
4322 -0.220341
4323 -0.220332
4324 -0.220322
4325 -0.220313
4326 -0.220303
4327 -0.220294
4328 -0.220284
4329 -0.220275
4330 -0.220265
4331 -0.220256
4332 -0.220246
4333 -0.220237
4334 -0.220227
4335 -0.220217
4336 -0.220208
4337 -0.220198
4338 -0.220189
4339 -0.220179
4340 -0.220170
4341 -0.220160
4342 -0.220151
4343 -0.220141
4344 -0.220132
4345 -0.220122
4346 -0.220113
4347 -0.220103
4348 -0.220093
4349 -0.220084
4350 -0.220074
4351 -0.220065
4352 -0.220055
4353 -0.220046
4354 -0.220036
4355 -0.220027
4356 -0.220017
4357 -0.220008
4358 -0.219998
4359 -0.219989
4360 -0.219979
4361 -0.219969
4362 -0.219960
4363 -0.219950
4364 -0.219941
4365 -0.219931
4366 -0.219922
4367 -0.219912
4368 -0.219903
4369 -0.219893
4370 -0.219884
4371 -0.219874
4372 -0.219865
4373 -0.219855
4374 -0.219845
4375 -0.219836
4376 -0.219826
4377 -0.219817
4378 -0.219807
4379 -0.219798
4380 -0.219788
4381 -0.219779
4382 -0.219769
4383 -0.219760
4384 -0.219750
4385 -0.219741
4386 -0.219731
4387 -0.219721
4388 -0.219712
4389 -0.219702
4390 -0.219693
4391 -0.219683
4392 -0.219674
4393 -0.219664
4394 -0.219655
4395 -0.219645
4396 -0.219636
4397 -0.219626
4398 -0.219617
4399 -0.219607
4400 -0.219597
4401 -0.219588
4402 -0.219578
4403 -0.219569
4404 -0.219559
4405 -0.219550
4406 -0.219540
4407 -0.219531
4408 -0.219521
4409 -0.219512
4410 -0.219502
4411 -0.219493
4412 -0.219483
4413 -0.219474
4414 -0.219464
4415 -0.219454
4416 -0.219445
4417 -0.219435
4418 -0.219426
4419 -0.219416
4420 -0.219407
4421 -0.219397
4422 -0.219388
4423 -0.219378
4424 -0.219369
4425 -0.219359
4426 -0.219350
4427 -0.219340
4428 -0.219330
4429 -0.219321
4430 -0.219311
4431 -0.219302
4432 -0.219292
4433 -0.219283
4434 -0.219273
4435 -0.219264
4436 -0.219254
4437 -0.219245
4438 -0.219235
4439 -0.219226
4440 -0.219216
4441 -0.219206
4442 -0.219197
4443 -0.219187
4444 -0.219178
4445 -0.219168
4446 -0.219159
4447 -0.219149
4448 -0.219140
4449 -0.219130
4450 -0.219121
4451 -0.219111
4452 -0.219102
4453 -0.219092
4454 -0.219082
4455 -0.219073
4456 -0.219063
4457 -0.219054
4458 -0.219044
4459 -0.219035
4460 -0.219025
4461 -0.219016
4462 -0.219006
4463 -0.218997
4464 -0.218987
4465 -0.218978
4466 -0.218968
4467 -0.218958
4468 -0.218949
4469 -0.218939
4470 -0.218930
4471 -0.218920
4472 -0.218911
4473 -0.218901
4474 -0.218892
4475 -0.218882
4476 -0.218873
4477 -0.218863
4478 -0.218854
4479 -0.218844
4480 -0.218834
4481 -0.218825
4482 -0.218815
4483 -0.218806
4484 -0.218796
4485 -0.218787
4486 -0.218777
4487 -0.218768
4488 -0.218758
4489 -0.218749
4490 -0.218739
4491 -0.218730
4492 -0.218720
4493 -0.218711
4494 -0.218701
4495 -0.218691
4496 -0.218682
4497 -0.218672
4498 -0.218663
4499 -0.218653
4500 -0.218644
4501 -0.218634
4502 -0.218625
4503 -0.218615
4504 -0.218606
4505 -0.218596
4506 -0.218587
4507 -0.218577
4508 -0.218567
4509 -0.218558
4510 -0.218548
4511 -0.218539
4512 -0.218529
4513 -0.218520
4514 -0.218510
4515 -0.218501
4516 -0.218491
4517 -0.218482
4518 -0.218472
4519 -0.218463
4520 -0.218453
4521 -0.218443
4522 -0.218434
4523 -0.218424
4524 -0.218415
4525 -0.218405
4526 -0.218396
4527 -0.218386
4528 -0.218377
4529 -0.218367
4530 -0.218358
4531 -0.218348
4532 -0.218339
4533 -0.218329
4534 -0.218319
4535 -0.218310
4536 -0.218300
4537 -0.218291
4538 -0.218281
4539 -0.218272
4540 -0.218262
4541 -0.218253
4542 -0.218243
4543 -0.218234
4544 -0.218224
4545 -0.218215
4546 -0.218205
4547 -0.218195
4548 -0.218186
4549 -0.218176
4550 -0.218167
4551 -0.218157
4552 -0.218148
4553 -0.218138
4554 -0.218129
4555 -0.218119
4556 -0.218110
4557 -0.218100
4558 -0.218091
4559 -0.218081
4560 -0.218071
4561 -0.218062
4562 -0.218052
4563 -0.218043
4564 -0.218033
4565 -0.218024
4566 -0.218014
4567 -0.218005
4568 -0.217995
4569 -0.217986
4570 -0.217976
4571 -0.217967
4572 -0.217957
4573 -0.217948
4574 -0.217938
4575 -0.217928
4576 -0.217919
4577 -0.217909
4578 -0.217900
4579 -0.217890
4580 -0.217881
4581 -0.217871
4582 -0.217862
4583 -0.217852
4584 -0.217843
4585 -0.217833
4586 -0.217824
4587 -0.217814
4588 -0.217804
4589 -0.217795
4590 -0.217785
4591 -0.217776
4592 -0.217766
4593 -0.217757
4594 -0.217747
4595 -0.217738
4596 -0.217728
4597 -0.217719
4598 -0.217709
4599 -0.217700
4600 -0.217690
4601 -0.217680
4602 -0.217671
4603 -0.217661
4604 -0.217652
4605 -0.217642
4606 -0.217633
4607 -0.217623
4608 -0.217614
4609 -0.217604
4610 -0.217595
4611 -0.217585
4612 -0.217576
4613 -0.217566
4614 -0.217556
4615 -0.217547
4616 -0.217537
4617 -0.217528
4618 -0.217518
4619 -0.217509
4620 -0.217499
4621 -0.217490
4622 -0.217480
4623 -0.217471
4624 -0.217461
4625 -0.217452
4626 -0.217442
4627 -0.217432
4628 -0.217423
4629 -0.217413
4630 -0.217404
4631 -0.217394
4632 -0.217385
4633 -0.217375
4634 -0.217366
4635 -0.217356
4636 -0.217347
4637 -0.217337
4638 -0.217328
4639 -0.217318
4640 -0.217308
4641 -0.217299
4642 -0.217289
4643 -0.217280
4644 -0.217270
4645 -0.217261
4646 -0.217251
4647 -0.217242
4648 -0.217232
4649 -0.217223
4650 -0.217213
4651 -0.217204
4652 -0.217194
4653 -0.217185
4654 -0.217175
4655 -0.217165
4656 -0.217156
4657 -0.217146
4658 -0.217137
4659 -0.217127
4660 -0.217118
4661 -0.217108
4662 -0.217099
4663 -0.217089
4664 -0.217080
4665 -0.217070
4666 -0.217061
4667 -0.217051
4668 -0.217041
4669 -0.217032
4670 -0.217022
4671 -0.217013
4672 -0.217003
4673 -0.216994
4674 -0.216984
4675 -0.216975
4676 -0.216965
4677 -0.216956
4678 -0.216946
4679 -0.216937
4680 -0.216927
4681 -0.216917
4682 -0.216908
4683 -0.216898
4684 -0.216889
4685 -0.216879
4686 -0.216870
4687 -0.216860
4688 -0.216851
4689 -0.216841
4690 -0.216832
4691 -0.216822
4692 -0.216813
4693 -0.216803
4694 -0.216793
4695 -0.216784
4696 -0.216774
4697 -0.216765
4698 -0.216755
4699 -0.216746
4700 -0.216736
4701 -0.216727
4702 -0.216717
4703 -0.216708
4704 -0.216698
4705 -0.216689
4706 -0.216679
4707 -0.216669
4708 -0.216660
4709 -0.216650
4710 -0.216641
4711 -0.216631
4712 -0.216622
4713 -0.216612
4714 -0.216603
4715 -0.216593
4716 -0.216584
4717 -0.216574
4718 -0.216565
4719 -0.216555
4720 -0.216546
4721 -0.216536
4722 -0.216526
4723 -0.216517
4724 -0.216507
4725 -0.216498
4726 -0.216488
4727 -0.216479
4728 -0.216469
4729 -0.216460
4730 -0.216450
4731 -0.216441
4732 -0.216431
4733 -0.216422
4734 -0.216412
4735 -0.216402
4736 -0.216393
4737 -0.216383
4738 -0.216374
4739 -0.216364
4740 -0.216355
4741 -0.216345
4742 -0.216336
4743 -0.216326
4744 -0.216317
4745 -0.216307
4746 -0.216298
4747 -0.216288
4748 -0.216278
4749 -0.216269
4750 -0.216259
4751 -0.216250
4752 -0.216240
4753 -0.216231
4754 -0.216221
4755 -0.216212
4756 -0.216202
4757 -0.216193
4758 -0.216183
4759 -0.216174
4760 -0.216164
4761 -0.216154
4762 -0.216145
4763 -0.216135
4764 -0.216126
4765 -0.216116
4766 -0.216107
4767 -0.216097
4768 -0.216088
4769 -0.216078
4770 -0.216069
4771 -0.216059
4772 -0.216050
4773 -0.216040
4774 -0.216030
4775 -0.216021
4776 -0.216011
4777 -0.216002
4778 -0.215992
4779 -0.215983
4780 -0.215973
4781 -0.215964
4782 -0.215954
4783 -0.215945
4784 -0.215935
4785 -0.215926
4786 -0.215916
4787 -0.215906
4788 -0.215897
4789 -0.215887
4790 -0.215878
4791 -0.215868
4792 -0.215859
4793 -0.215849
4794 -0.215840
4795 -0.215830
4796 -0.215821
4797 -0.215811
4798 -0.215802
4799 -0.215792
4800 -0.215783
4801 -0.215773
4802 -0.215763
4803 -0.215754
4804 -0.215744
4805 -0.215735
4806 -0.215725
4807 -0.215716
4808 -0.215706
4809 -0.215697
4810 -0.215687
4811 -0.215678
4812 -0.215668
4813 -0.215659
4814 -0.215649
4815 -0.215639
4816 -0.215630
4817 -0.215620
4818 -0.215611
4819 -0.215601
4820 -0.215592
4821 -0.215582
4822 -0.215573
4823 -0.215563
4824 -0.215554
4825 -0.215544
4826 -0.215535
4827 -0.215525
4828 -0.215515
4829 -0.215506
4830 -0.215496
4831 -0.215487
4832 -0.215477
4833 -0.215468
4834 -0.215458
4835 -0.215449
4836 -0.215439
4837 -0.215430
4838 -0.215420
4839 -0.215411
4840 -0.215401
4841 -0.215391
4842 -0.215382
4843 -0.215372
4844 -0.215363
4845 -0.215353
4846 -0.215344
4847 -0.215334
4848 -0.215325
4849 -0.215315
4850 -0.215306
4851 -0.215296
4852 -0.215287
4853 -0.215277
4854 -0.215267
4855 -0.215258
4856 -0.215248
4857 -0.215239
4858 -0.215229
4859 -0.215220
4860 -0.215210
4861 -0.215201
4862 -0.215191
4863 -0.215182
4864 -0.215172
4865 -0.215163
4866 -0.215153
4867 -0.215143
4868 -0.215134
4869 -0.215124
4870 -0.215115
4871 -0.215105
4872 -0.215096
4873 -0.215086
4874 -0.215077
4875 -0.215067
4876 -0.215058
4877 -0.215048
4878 -0.215039
4879 -0.215029
4880 -0.215020
4881 -0.215010
4882 -0.215000
4883 -0.214991
4884 -0.214981
4885 -0.214972
4886 -0.214962
4887 -0.214953
4888 -0.214943
4889 -0.214934
4890 -0.214924
4891 -0.214915
4892 -0.214905
4893 -0.214896
4894 -0.214886
4895 -0.214876
4896 -0.214867
4897 -0.214857
4898 -0.214848
4899 -0.214838
4900 -0.214829
4901 -0.214819
4902 -0.214810
4903 -0.214800
4904 -0.214791
4905 -0.214781
4906 -0.214772
4907 -0.214762
4908 -0.214752
4909 -0.214743
4910 -0.214733
4911 -0.214724
4912 -0.214714
4913 -0.214705
4914 -0.214695
4915 -0.214686
4916 -0.214676
4917 -0.214667
4918 -0.214657
4919 -0.214648
4920 -0.214638
4921 -0.214628
4922 -0.214619
4923 -0.214609
4924 -0.214600
4925 -0.214590
4926 -0.214581
4927 -0.214571
4928 -0.214562
4929 -0.214552
4930 -0.214543
4931 -0.214533
4932 -0.214524
4933 -0.214514
4934 -0.214504
4935 -0.214495
4936 -0.214485
4937 -0.214476
4938 -0.214466
4939 -0.214457
4940 -0.214447
4941 -0.214438
4942 -0.214428
4943 -0.214419
4944 -0.214409
4945 -0.214400
4946 -0.214390
4947 -0.214380
4948 -0.214371
4949 -0.214361
4950 -0.214352
4951 -0.214342
4952 -0.214333
4953 -0.214323
4954 -0.214314
4955 -0.214304
4956 -0.214295
4957 -0.214285
4958 -0.214276
4959 -0.214266
4960 -0.214257
4961 -0.214247
4962 -0.214237
4963 -0.214228
4964 -0.214218
4965 -0.214209
4966 -0.214199
4967 -0.214190
4968 -0.214180
4969 -0.214171
4970 -0.214161
4971 -0.214152
4972 -0.214142
4973 -0.214133
4974 -0.214123
4975 -0.214113
4976 -0.214104
4977 -0.214094
4978 -0.214085
4979 -0.214075
4980 -0.214066
4981 -0.214056
4982 -0.214047
4983 -0.214037
4984 -0.214028
4985 -0.214018
4986 -0.214009
4987 -0.213999
4988 -0.213989
4989 -0.213980
4990 -0.213970
4991 -0.213961
4992 -0.213951
4993 -0.213942
4994 -0.213932
4995 -0.213923
4996 -0.213913
4997 -0.213904
4998 -0.213894
4999 -0.213885
5000 -0.213875
5001 -0.213865
5002 -0.213856
5003 -0.213846
5004 -0.213837
5005 -0.213827
5006 -0.213818
5007 -0.213808
5008 -0.213799
5009 -0.213789
5010 -0.213780
5011 -0.213770
5012 -0.213761
5013 -0.213751
5014 -0.213741
5015 -0.213732
5016 -0.213722
5017 -0.213713
5018 -0.213703
5019 -0.213694
5020 -0.213684
5021 -0.213675
5022 -0.213665
5023 -0.213656
5024 -0.213646
5025 -0.213637
5026 -0.213627
5027 -0.213617
5028 -0.213608
5029 -0.213598
5030 -0.213589
5031 -0.213579
5032 -0.213570
5033 -0.213560
5034 -0.213551
5035 -0.213541
5036 -0.213532
5037 -0.213522
5038 -0.213513
5039 -0.213503
5040 -0.213493
5041 -0.213484
5042 -0.213474
5043 -0.213465
5044 -0.213455
5045 -0.213446
5046 -0.213436
5047 -0.213427
5048 -0.213417
5049 -0.213408
5050 -0.213398
5051 -0.213389
5052 -0.213379
5053 -0.213370
5054 -0.213360
5055 -0.213350
5056 -0.213341
5057 -0.213331
5058 -0.213322
5059 -0.213312
5060 -0.213303
5061 -0.213293
5062 -0.213284
5063 -0.213274
5064 -0.213265
5065 -0.213255
5066 -0.213246
5067 -0.213236
5068 -0.213226
5069 -0.213217
5070 -0.213207
5071 -0.213198
5072 -0.213188
5073 -0.213179
5074 -0.213169
5075 -0.213160
5076 -0.213150
5077 -0.213141
5078 -0.213131
5079 -0.213122
5080 -0.213112
5081 -0.213102
5082 -0.213093
5083 -0.213083
5084 -0.213074
5085 -0.213064
5086 -0.213055
5087 -0.213045
5088 -0.213036
5089 -0.213026
5090 -0.213017
5091 -0.213007
5092 -0.212998
5093 -0.212988
5094 -0.212978
5095 -0.212969
5096 -0.212959
5097 -0.212950
5098 -0.212940
5099 -0.212931
5100 -0.212921
5101 -0.212912
5102 -0.212902
5103 -0.212893
5104 -0.212883
5105 -0.212874
5106 -0.212864
5107 -0.212854
5108 -0.212845
5109 -0.212835
5110 -0.212826
5111 -0.212816
5112 -0.212807
5113 -0.212797
5114 -0.212788
5115 -0.212778
5116 -0.212769
5117 -0.212759
5118 -0.212750
5119 -0.212740
5120 -0.212730
5121 -0.212721
5122 -0.212711
5123 -0.212702
5124 -0.212692
5125 -0.212683
5126 -0.212673
5127 -0.212664
5128 -0.212654
5129 -0.212645
5130 -0.212635
5131 -0.212626
5132 -0.212616
5133 -0.212607
5134 -0.212597
5135 -0.212587
5136 -0.212578
5137 -0.212568
5138 -0.212559
5139 -0.212549
5140 -0.212540
5141 -0.212530
5142 -0.212521
5143 -0.212511
5144 -0.212502
5145 -0.212492
5146 -0.212483
5147 -0.212473
5148 -0.212463
5149 -0.212454
5150 -0.212444
5151 -0.212435
5152 -0.212425
5153 -0.212416
5154 -0.212406
5155 -0.212397
5156 -0.212387
5157 -0.212378
5158 -0.212368
5159 -0.212359
5160 -0.212349
5161 -0.212339
5162 -0.212330
5163 -0.212320
5164 -0.212311
5165 -0.212301
5166 -0.212292
5167 -0.212282
5168 -0.212273
5169 -0.212263
5170 -0.212254
5171 -0.212244
5172 -0.212235
5173 -0.212225
5174 -0.212215
5175 -0.212206
5176 -0.212196
5177 -0.212187
5178 -0.212177
5179 -0.212168
5180 -0.212158
5181 -0.212149
5182 -0.212139
5183 -0.212130
5184 -0.212120
5185 -0.212111
5186 -0.212101
5187 -0.212091
5188 -0.212082
5189 -0.212072
5190 -0.212063
5191 -0.212053
5192 -0.212044
5193 -0.212034
5194 -0.212025
5195 -0.212015
5196 -0.212006
5197 -0.211996
5198 -0.211987
5199 -0.211977
5200 -0.211967
5201 -0.211958
5202 -0.211948
5203 -0.211939
5204 -0.211929
5205 -0.211920
5206 -0.211910
5207 -0.211901
5208 -0.211891
5209 -0.211882
5210 -0.211872
5211 -0.211863
5212 -0.211853
5213 -0.211844
5214 -0.211834
5215 -0.211824
5216 -0.211815
5217 -0.211805
5218 -0.211796
5219 -0.211786
5220 -0.211777
5221 -0.211767
5222 -0.211758
5223 -0.211748
5224 -0.211739
5225 -0.211729
5226 -0.211720
5227 -0.211710
5228 -0.211700
5229 -0.211691
5230 -0.211681
5231 -0.211672
5232 -0.211662
5233 -0.211653
5234 -0.211643
5235 -0.211634
5236 -0.211624
5237 -0.211615
5238 -0.211605
5239 -0.211596
5240 -0.211586
5241 -0.211576
5242 -0.211567
5243 -0.211557
5244 -0.211548
5245 -0.211538
5246 -0.211529
5247 -0.211519
5248 -0.211510
5249 -0.211500
5250 -0.211491
5251 -0.211481
5252 -0.211472
5253 -0.211462
5254 -0.211452
5255 -0.211443
5256 -0.211433
5257 -0.211424
5258 -0.211414
5259 -0.211405
5260 -0.211395
5261 -0.211386
5262